# Fluorescence vs Time - FL1
# Time ($sec$),Fluorescence
# Raw data, Noise removed data
0 615.0
0.0002 604.0
0.0004 616.0
0.0006 610.0
0.0008 619.0
0.001 626.0
0.0012 619.0
0.0014 630.0
0.0016 612.0
0.0018 629.0
0.002 630.0
0.0022 634.0
0.0024 624.0
0.0026 633.0
0.0028 634.0
0.003 633.0
0.0032 635.0
0.0034 639.0
0.0036 633.0
0.0038 634.0
0.004 631.0
0.0042 631.0
0.0044 640.0
0.0046 635.0
0.0048 636.0
0.005 634.0
0.0052 637.0
0.0054 640.0
0.0056 638.0
0.0058 640.0
0.006 640.0
0.0062 639.0
0.0064 639.0
0.0066 641.0
0.0068 636.0
0.007 638.0
0.0072 637.0
0.0074 637.0
0.0076 639.0
0.0078 637.0
0.008 629.0
0.0082 631.0
0.0084 621.0
0.0086 615.0
0.0088 598.0
0.009 605.0
0.0092 588.0
0.0094 585.0
0.0096 551.0
0.0098 528.0
0.01 510.0
0.0102 446.0
0.0104 435.0
0.0106 397.0
0.0108 368.0
0.011 369.0
0.0112 352.0
0.0114 310.0
0.0116 313.0
0.0118 269.0
0.012 270.0
0.0122 256.0
0.0124 289.0
0.0126 244.0
0.0128 224.0
0.013 203.0
0.0132 228.0
0.0134 222.0
0.0136 218.0
0.0138 191.0
0.014 170.0
0.0142 187.0
0.0144 156.0
0.0146 159.0
0.0148 216.0
0.015 158.0
0.0152 124.0
0.0154 152.0
0.0156 146.0
0.0158 119.0
0.016 150.0
0.0162 166.0
0.0164 129.0
0.0166 103.0
0.0168 109.0
0.017 157.0
0.0172 145.0
0.0174 143.0
0.0176 141.0
0.0178 109.0
0.018 126.0
0.0182 121.0
0.0184 134.0
0.0186 112.0
0.0188 161.0
0.019 116.0
0.0192 160.0
0.0194 131.0
0.0196 144.0
0.0198 157.0
0.02 113.0
0.0202 105.0
0.0204 125.0
0.0206 142.0
0.0208 148.0
0.021 109.0
0.0212 115.0
0.0214 139.0
0.0216 113.0
0.0218 123.0
0.022 97.0
0.0222 115.0
0.0224 126.0
0.0226 108.0
0.0228 136.0
0.023 114.0
0.0232 135.0
0.0234 98.0
0.0236 98.0
0.0238 110.0
0.024 115.0
0.0242 120.0
0.0244 115.0
0.0246 105.0
0.0248 131.0
0.025 99.0
0.0252 79.0
0.0254 85.0
0.0256 85.0
0.0258 106.0
0.026 99.0
0.0262 93.0
0.0264 109.0
0.0266 66.0
0.0268 114.0
0.027 88.0
0.0272 86.0
0.0274 102.0
0.0276 133.0
0.0278 71.0
0.028 102.0
0.0282 101.0
0.0284 82.0
0.0286 106.0
0.0288 105.0
0.029 88.0
0.0292 85.0
0.0294 76.0
0.0296 92.0
0.0298 77.0
0.03 106.0
0.0302 106.0
0.0304 72.0
0.0306 110.0
0.0308 83.0
0.031 75.0
0.0312 56.0
0.0314 110.0
0.0316 88.0
0.0318 87.0
0.032 103.0
0.0322 97.0
0.0324 68.0
0.0326 116.0
0.0328 138.0
0.033 103.0
0.0332 163.0
0.0334 140.0
0.0336 170.0
0.0338 193.0
0.034 185.0
0.0342 266.0
0.0344 276.0
0.0346 300.0
0.0348 357.0
0.035 418.0
0.0352 452.0
0.0354 481.0
0.0356 505.0
0.0358 533.0
0.036 557.0
0.0362 571.0
0.0364 575.0
0.0366 585.0
0.0368 601.0
0.037 605.0
0.0372 602.0
0.0374 618.0
0.0376 622.0
0.0378 619.0
0.038 614.0
0.0382 615.0
0.0384 617.0
0.0386 618.0
0.0388 626.0
0.039 633.0
0.0392 630.0
0.0394 631.0
0.0396 631.0
0.0398 629.0
0.04 634.0
0.0402 632.0
0.0404 640.0
0.0406 635.0
0.0408 636.0
0.041 632.0
0.0412 643.0
0.0414 630.0
0.0416 633.0
0.0418 635.0
0.042 641.0
0.0422 636.0
0.0424 639.0
0.0426 634.0
0.0428 639.0
0.043 635.0
0.0432 634.0
0.0434 637.0
0.0436 638.0
0.0438 637.0
0.044 633.0
0.0442 633.0
0.0444 632.0
0.0446 629.0
0.0448 630.0
0.045 630.0
0.0452 610.0
0.0454 620.0
0.0456 599.0
0.0458 585.0
0.046 593.0
0.0462 565.0
0.0464 540.0
0.0466 509.0
0.0468 476.0
0.047 442.0
0.0472 441.0
0.0474 425.0
0.0476 384.0
0.0478 388.0
0.048 352.0
0.0482 311.0
0.0484 286.0
0.0486 290.0
0.0488 300.0
0.049 262.0
0.0492 222.0
0.0494 236.0
0.0496 242.0
0.0498 216.0
0.05 211.0
0.0502 198.0
0.0504 206.0
0.0506 189.0
0.0508 206.0
0.051 202.0
0.0512 190.0
0.0514 197.0
0.0516 132.0
0.0518 160.0
0.052 138.0
0.0522 164.0
0.0524 166.0
0.0526 157.0
0.0528 183.0
0.053 156.0
0.0532 152.0
0.0534 113.0
0.0536 155.0
0.0538 132.0
0.054 121.0
0.0542 122.0
0.0544 138.0
0.0546 125.0
0.0548 136.0
0.055 122.0
0.0552 121.0
0.0554 138.0
0.0556 108.0
0.0558 121.0
0.056 110.0
0.0562 68.0
0.0564 107.0
0.0566 107.0
0.0568 93.0
0.057 88.0
0.0572 113.0
0.0574 109.0
0.0576 96.0
0.0578 118.0
0.058 117.0
0.0582 65.0
0.0584 95.0
0.0586 97.0
0.0588 101.0
0.059 88.0
0.0592 93.0
0.0594 103.0
0.0596 92.0
0.0598 88.0
0.06 137.0
0.0602 87.0
0.0604 102.0
0.0606 90.0
0.0608 96.0
0.061 129.0
0.0612 89.0
0.0614 105.0
0.0616 92.0
0.0618 74.0
0.062 94.0
0.0622 121.0
0.0624 96.0
0.0626 88.0
0.0628 143.0
0.063 91.0
0.0632 130.0
0.0634 100.0
0.0636 117.0
0.0638 119.0
0.064 88.0
0.0642 93.0
0.0644 83.0
0.0646 90.0
0.0648 106.0
0.065 53.0
0.0652 47.0
0.0654 83.0
0.0656 85.0
0.0658 111.0
0.066 99.0
0.0662 97.0
0.0664 102.0
0.0666 66.0
0.0668 43.0
0.067 110.0
0.0672 111.0
0.0674 50.0
0.0676 105.0
0.0678 110.0
0.068 104.0
0.0682 48.0
0.0684 94.0
0.0686 111.0
0.0688 103.0
0.069 111.0
0.0692 129.0
0.0694 123.0
0.0696 130.0
0.0698 119.0
0.07 155.0
0.0702 183.0
0.0704 215.0
0.0706 225.0
0.0708 256.0
0.071 255.0
0.0712 264.0
0.0714 322.0
0.0716 402.0
0.0718 416.0
0.072 463.0
0.0722 512.0
0.0724 493.0
0.0726 543.0
0.0728 558.0
0.073 574.0
0.0732 575.0
0.0734 584.0
0.0736 598.0
0.0738 609.0
0.074 607.0
0.0742 614.0
0.0744 604.0
0.0746 617.0
0.0748 615.0
0.075 611.0
0.0752 624.0
0.0754 626.0
0.0756 622.0
0.0758 623.0
0.076 628.0
0.0762 630.0
0.0764 624.0
0.0766 634.0
0.0768 630.0
0.077 634.0
0.0772 637.0
0.0774 639.0
0.0776 635.0
0.0778 636.0
0.078 634.0
0.0782 634.0
0.0784 636.0
0.0786 637.0
0.0788 637.0
0.079 635.0
0.0792 634.0
0.0794 640.0
0.0796 638.0
0.0798 634.0
0.08 640.0
0.0802 635.0
0.0804 639.0
0.0806 639.0
0.0808 640.0
0.081 634.0
0.0812 636.0
0.0814 630.0
0.0816 631.0
0.0818 629.0
0.082 630.0
0.0822 631.0
0.0824 610.0
0.0826 603.0
0.0828 607.0
0.083 592.0
0.0832 567.0
0.0834 546.0
0.0836 545.0
0.0838 504.0
0.084 462.0
0.0842 447.0
0.0844 401.0
0.0846 386.0
0.0848 369.0
0.085 362.0
0.0852 340.0
0.0854 278.0
0.0856 305.0
0.0858 289.0
0.086 265.0
0.0862 235.0
0.0864 222.0
0.0866 208.0
0.0868 208.0
0.087 238.0
0.0872 203.0
0.0874 201.0
0.0876 206.0
0.0878 172.0
0.088 184.0
0.0882 189.0
0.0884 215.0
0.0886 189.0
0.0888 149.0
0.089 128.0
0.0892 177.0
0.0894 167.0
0.0896 155.0
0.0898 168.0
0.09 163.0
0.0902 142.0
0.0904 120.0
0.0906 175.0
0.0908 190.0
0.091 158.0
0.0912 73.0
0.0914 149.0
0.0916 164.0
0.0918 114.0
0.092 165.0
0.0922 99.0
0.0924 127.0
0.0926 136.0
0.0928 131.0
0.093 114.0
0.0932 121.0
0.0934 160.0
0.0936 99.0
0.0938 122.0
0.094 107.0
0.0942 118.0
0.0944 80.0
0.0946 116.0
0.0948 122.0
0.095 125.0
0.0952 109.0
0.0954 130.0
0.0956 138.0
0.0958 118.0
0.096 90.0
0.0962 82.0
0.0964 130.0
0.0966 85.0
0.0968 56.0
0.097 115.0
0.0972 116.0
0.0974 98.0
0.0976 101.0
0.0978 79.0
0.098 91.0
0.0982 85.0
0.0984 77.0
0.0986 86.0
0.0988 102.0
0.099 131.0
0.0992 102.0
0.0994 139.0
0.0996 120.0
0.0998 102.0
0.1 77.0
0.1002 76.0
0.1004 115.0
0.1006 87.0
0.1008 61.0
0.101 78.0
0.1012 68.0
0.1014 80.0
0.1016 81.0
0.1018 104.0
0.102 108.0
0.1022 89.0
0.1024 65.0
0.1026 88.0
0.1028 64.0
0.103 92.0
0.1032 93.0
0.1034 63.0
0.1036 93.0
0.1038 108.0
0.104 86.0
0.1042 86.0
0.1044 115.0
0.1046 69.0
0.1048 84.0
0.105 78.0
0.1052 104.0
0.1054 115.0
0.1056 109.0
0.1058 88.0
0.106 87.0
0.1062 117.0
0.1064 141.0
0.1066 90.0
0.1068 87.0
0.107 170.0
0.1072 164.0
0.1074 167.0
0.1076 157.0
0.1078 206.0
0.108 271.0
0.1082 277.0
0.1084 303.0
0.1086 355.0
0.1088 396.0
0.109 428.0
0.1092 485.0
0.1094 509.0
0.1096 507.0
0.1098 547.0
0.11 562.0
0.1102 562.0
0.1104 582.0
0.1106 600.0
0.1108 598.0
0.111 607.0
0.1112 598.0
0.1114 612.0
0.1116 610.0
0.1118 618.0
0.112 625.0
0.1122 624.0
0.1124 624.0
0.1126 629.0
0.1128 628.0
0.113 632.0
0.1132 615.0
0.1134 628.0
0.1136 629.0
0.1138 632.0
0.114 642.0
0.1142 634.0
0.1144 629.0
0.1146 637.0
0.1148 628.0
0.115 638.0
0.1152 639.0
0.1154 637.0
0.1156 635.0
0.1158 640.0
0.116 642.0
0.1162 638.0
0.1164 634.0
0.1166 637.0
0.1168 632.0
0.117 644.0
0.1172 642.0
0.1174 640.0
0.1176 633.0
0.1178 641.0
0.118 629.0
0.1182 635.0
0.1184 629.0
0.1186 633.0
0.1188 628.0
0.119 637.0
0.1192 617.0
0.1194 623.0
0.1196 610.0
0.1198 582.0
0.12 596.0
0.1202 568.0
0.1204 556.0
0.1206 510.0
0.1208 506.0
0.121 471.0
0.1212 405.0
0.1214 405.0
0.1216 407.0
0.1218 382.0
0.122 327.0
0.1222 342.0
0.1224 305.0
0.1226 298.0
0.1228 266.0
0.123 253.0
0.1232 250.0
0.1234 244.0
0.1236 225.0
0.1238 231.0
0.124 182.0
0.1242 227.0
0.1244 200.0
0.1246 214.0
0.1248 204.0
0.125 217.0
0.1252 207.0
0.1254 166.0
0.1256 169.0
0.1258 173.0
0.126 203.0
0.1262 148.0
0.1264 186.0
0.1266 172.0
0.1268 150.0
0.127 166.0
0.1272 169.0
0.1274 142.0
0.1276 146.0
0.1278 160.0
0.128 135.0
0.1282 179.0
0.1284 147.0
0.1286 148.0
0.1288 112.0
0.129 125.0
0.1292 164.0
0.1294 123.0
0.1296 153.0
0.1298 127.0
0.13 142.0
0.1302 114.0
0.1304 137.0
0.1306 122.0
0.1308 144.0
0.131 141.0
0.1312 118.0
0.1314 131.0
0.1316 151.0
0.1318 166.0
0.132 105.0
0.1322 89.0
0.1324 125.0
0.1326 131.0
0.1328 114.0
0.133 118.0
0.1332 118.0
0.1334 92.0
0.1336 109.0
0.1338 109.0
0.134 138.0
0.1342 86.0
0.1344 93.0
0.1346 127.0
0.1348 94.0
0.135 106.0
0.1352 110.0
0.1354 85.0
0.1356 42.0
0.1358 105.0
0.136 104.0
0.1362 76.0
0.1364 57.0
0.1366 101.0
0.1368 86.0
0.137 61.0
0.1372 88.0
0.1374 112.0
0.1376 85.0
0.1378 56.0
0.138 73.0
0.1382 103.0
0.1384 79.0
0.1386 88.0
0.1388 0.0
0.139 93.0
0.1392 60.0
0.1394 69.0
0.1396 74.0
0.1398 56.0
0.14 56.0
0.1402 77.0
0.1404 47.0
0.1406 85.0
0.1408 63.0
0.141 85.0
0.1412 92.0
0.1414 97.0
0.1416 80.0
0.1418 69.0
0.142 73.0
0.1422 145.0
0.1424 76.0
0.1426 34.0
0.1428 93.0
0.143 84.0
0.1432 137.0
0.1434 79.0
0.1436 103.0
0.1438 153.0
0.144 115.0
0.1442 153.0
0.1444 201.0
0.1446 211.0
0.1448 240.0
0.145 271.0
0.1452 277.0
0.1454 311.0
0.1456 387.0
0.1458 381.0
0.146 448.0
0.1462 493.0
0.1464 526.0
0.1466 515.0
0.1468 556.0
0.147 558.0
0.1472 570.0
0.1474 591.0
0.1476 601.0
0.1478 595.0
0.148 613.0
0.1482 601.0
0.1484 615.0
0.1486 617.0
0.1488 613.0
0.149 621.0
0.1492 622.0
0.1494 627.0
0.1496 630.0
0.1498 633.0
0.15 622.0
0.1502 628.0
0.1504 631.0
0.1506 628.0
0.1508 628.0
0.151 629.0
0.1512 632.0
0.1514 637.0
0.1516 641.0
0.1518 635.0
0.152 641.0
0.1522 643.0
0.1524 637.0
0.1526 638.0
0.1528 636.0
0.153 638.0
0.1532 632.0
0.1534 631.0
0.1536 635.0
0.1538 641.0
0.154 641.0
0.1542 637.0
0.1544 636.0
0.1546 637.0
0.1548 636.0
0.155 634.0
0.1552 628.0
0.1554 631.0
0.1556 627.0
0.1558 625.0
0.156 618.0
0.1562 609.0
0.1564 590.0
0.1566 586.0
0.1568 587.0
0.157 551.0
0.1572 519.0
0.1574 513.0
0.1576 459.0
0.1578 451.0
0.158 439.0
0.1582 385.0
0.1584 393.0
0.1586 337.0
0.1588 327.0
0.159 306.0
0.1592 301.0
0.1594 295.0
0.1596 240.0
0.1598 249.0
0.16 241.0
0.1602 247.0
0.1604 201.0
0.1606 155.0
0.1608 195.0
0.161 222.0
0.1612 202.0
0.1614 196.0
0.1616 182.0
0.1618 194.0
0.162 177.0
0.1622 148.0
0.1624 184.0
0.1626 147.0
0.1628 141.0
0.163 178.0
0.1632 155.0
0.1634 158.0
0.1636 184.0
0.1638 156.0
0.164 163.0
0.1642 169.0
0.1644 205.0
0.1646 177.0
0.1648 163.0
0.165 149.0
0.1652 160.0
0.1654 162.0
0.1656 135.0
0.1658 120.0
0.166 129.0
0.1662 170.0
0.1664 165.0
0.1666 148.0
0.1668 137.0
0.167 127.0
0.1672 161.0
0.1674 160.0
0.1676 134.0
0.1678 129.0
0.168 137.0
0.1682 93.0
0.1684 65.0
0.1686 137.0
0.1688 120.0
0.169 134.0
0.1692 125.0
0.1694 132.0
0.1696 110.0
0.1698 122.0
0.17 112.0
0.1702 143.0
0.1704 107.0
0.1706 98.0
0.1708 75.0
0.171 117.0
0.1712 104.0
0.1714 145.0
0.1716 103.0
0.1718 104.0
0.172 118.0
0.1722 104.0
0.1724 101.0
0.1726 74.0
0.1728 131.0
0.173 98.0
0.1732 80.0
0.1734 84.0
0.1736 58.0
0.1738 94.0
0.174 61.0
0.1742 76.0
0.1744 73.0
0.1746 108.0
0.1748 66.0
0.175 79.0
0.1752 84.0
0.1754 42.0
0.1756 102.0
0.1758 47.0
0.176 89.0
0.1762 57.0
0.1764 68.0
0.1766 78.0
0.1768 32.0
0.177 71.0
0.1772 70.0
0.1774 56.0
0.1776 66.0
0.1778 74.0
0.178 19.0
0.1782 96.0
0.1784 76.0
0.1786 69.0
0.1788 59.0
0.179 71.0
0.1792 40.0
0.1794 91.0
0.1796 51.0
0.1798 69.0
0.18 81.0
0.1802 97.0
0.1804 155.0
0.1806 101.0
0.1808 148.0
0.181 159.0
0.1812 194.0
0.1814 222.0
0.1816 252.0
0.1818 269.0
0.182 298.0
0.1822 349.0
0.1824 383.0
0.1826 415.0
0.1828 464.0
0.183 481.0
0.1832 524.0
0.1834 549.0
0.1836 554.0
0.1838 579.0
0.184 574.0
0.1842 591.0
0.1844 593.0
0.1846 616.0
0.1848 608.0
0.185 611.0
0.1852 613.0
0.1854 617.0
0.1856 627.0
0.1858 629.0
0.186 626.0
0.1862 629.0
0.1864 630.0
0.1866 634.0
0.1868 629.0
0.187 622.0
0.1872 633.0
0.1874 635.0
0.1876 631.0
0.1878 631.0
0.188 640.0
0.1882 637.0
0.1884 636.0
0.1886 633.0
0.1888 639.0
0.189 637.0
0.1892 638.0
0.1894 635.0
0.1896 635.0
0.1898 636.0
0.19 642.0
0.1902 636.0
0.1904 641.0
0.1906 635.0
0.1908 636.0
0.191 636.0
0.1912 640.0
0.1914 633.0
0.1916 639.0
0.1918 638.0
0.192 636.0
0.1922 633.0
0.1924 636.0
0.1926 633.0
0.1928 627.0
0.193 621.0
0.1932 616.0
0.1934 605.0
0.1936 581.0
0.1938 585.0
0.194 554.0
0.1942 548.0
0.1944 499.0
0.1946 477.0
0.1948 443.0
0.195 444.0
0.1952 384.0
0.1954 358.0
0.1956 356.0
0.1958 358.0
0.196 330.0
0.1962 294.0
0.1964 240.0
0.1966 258.0
0.1968 261.0
0.197 250.0
0.1972 215.0
0.1974 213.0
0.1976 182.0
0.1978 225.0
0.198 178.0
0.1982 201.0
0.1984 141.0
0.1986 187.0
0.1988 178.0
0.199 161.0
0.1992 143.0
0.1994 191.0
0.1996 155.0
0.1998 156.0
0.2 141.0
0.2002 152.0
0.2004 143.0
0.2006 154.0
0.2008 137.0
0.201 148.0
0.2012 115.0
0.2014 157.0
0.2016 161.0
0.2018 139.0
0.202 154.0
0.2022 188.0
0.2024 96.0
0.2026 106.0
0.2028 74.0
0.203 150.0
0.2032 144.0
0.2034 135.0
0.2036 156.0
0.2038 134.0
0.204 150.0
0.2042 145.0
0.2044 117.0
0.2046 105.0
0.2048 148.0
0.205 133.0
0.2052 106.0
0.2054 126.0
0.2056 145.0
0.2058 136.0
0.206 99.0
0.2062 120.0
0.2064 104.0
0.2066 135.0
0.2068 105.0
0.207 141.0
0.2072 134.0
0.2074 141.0
0.2076 93.0
0.2078 138.0
0.208 164.0
0.2082 107.0
0.2084 139.0
0.2086 99.0
0.2088 110.0
0.209 62.0
0.2092 113.0
0.2094 91.0
0.2096 90.0
0.2098 101.0
0.21 109.0
0.2102 112.0
0.2104 129.0
0.2106 112.0
0.2108 97.0
0.211 98.0
0.2112 92.0
0.2114 92.0
0.2116 95.0
0.2118 87.0
0.212 63.0
0.2122 108.0
0.2124 108.0
0.2126 79.0
0.2128 43.0
0.213 69.0
0.2132 99.0
0.2134 74.0
0.2136 79.0
0.2138 78.0
0.214 53.0
0.2142 89.0
0.2144 64.0
0.2146 77.0
0.2148 48.0
0.215 92.0
0.2152 108.0
0.2154 49.0
0.2156 88.0
0.2158 49.0
0.216 85.0
0.2162 70.0
0.2164 80.0
0.2166 105.0
0.2168 103.0
0.217 124.0
0.2172 88.0
0.2174 108.0
0.2176 124.0
0.2178 117.0
0.218 159.0
0.2182 172.0
0.2184 190.0
0.2186 228.0
0.2188 255.0
0.219 296.0
0.2192 358.0
0.2194 381.0
0.2196 401.0
0.2198 449.0
0.22 476.0
0.2202 509.0
0.2204 537.0
0.2206 552.0
0.2208 569.0
0.221 583.0
0.2212 590.0
0.2214 605.0
0.2216 605.0
0.2218 593.0
0.222 619.0
0.2222 608.0
0.2224 624.0
0.2226 623.0
0.2228 617.0
0.223 626.0
0.2232 616.0
0.2234 625.0
0.2236 619.0
0.2238 623.0
0.224 628.0
0.2242 631.0
0.2244 632.0
0.2246 631.0
0.2248 626.0
0.225 635.0
0.2252 631.0
0.2254 636.0
0.2256 640.0
0.2258 634.0
0.226 635.0
0.2262 630.0
0.2264 635.0
0.2266 640.0
0.2268 639.0
0.227 635.0
0.2272 633.0
0.2274 636.0
0.2276 637.0
0.2278 636.0
0.228 636.0
0.2282 636.0
0.2284 640.0
0.2286 637.0
0.2288 637.0
0.229 634.0
0.2292 638.0
0.2294 633.0
0.2296 631.0
0.2298 626.0
0.23 625.0
0.2302 605.0
0.2304 621.0
0.2306 592.0
0.2308 590.0
0.231 571.0
0.2312 551.0
0.2314 498.0
0.2316 487.0
0.2318 445.0
0.232 438.0
0.2322 416.0
0.2324 380.0
0.2326 362.0
0.2328 323.0
0.233 304.0
0.2332 258.0
0.2334 301.0
0.2336 252.0
0.2338 238.0
0.234 265.0
0.2342 262.0
0.2344 239.0
0.2346 252.0
0.2348 233.0
0.235 193.0
0.2352 189.0
0.2354 198.0
0.2356 183.0
0.2358 215.0
0.236 200.0
0.2362 188.0
0.2364 199.0
0.2366 93.0
0.2368 191.0
0.237 195.0
0.2372 157.0
0.2374 179.0
0.2376 165.0
0.2378 170.0
0.238 163.0
0.2382 140.0
0.2384 121.0
0.2386 141.0
0.2388 142.0
0.239 153.0
0.2392 94.0
0.2394 103.0
0.2396 121.0
0.2398 133.0
0.24 140.0
0.2402 105.0
0.2404 109.0
0.2406 113.0
0.2408 108.0
0.241 111.0
0.2412 149.0
0.2414 113.0
0.2416 124.0
0.2418 117.0
0.242 112.0
0.2422 113.0
0.2424 110.0
0.2426 128.0
0.2428 101.0
0.243 123.0
0.2432 122.0
0.2434 150.0
0.2436 109.0
0.2438 139.0
0.244 118.0
0.2442 97.0
0.2444 102.0
0.2446 113.0
0.2448 90.0
0.245 84.0
0.2452 89.0
0.2454 83.0
0.2456 111.0
0.2458 99.0
0.246 91.0
0.2462 74.0
0.2464 117.0
0.2466 118.0
0.2468 141.0
0.247 101.0
0.2472 133.0
0.2474 124.0
0.2476 112.0
0.2478 102.0
0.248 116.0
0.2482 116.0
0.2484 77.0
0.2486 110.0
0.2488 83.0
0.249 110.0
0.2492 113.0
0.2494 99.0
0.2496 98.0
0.2498 125.0
0.25 102.0
0.2502 87.0
0.2504 75.0
0.2506 103.0
0.2508 95.0
0.251 48.0
0.2512 108.0
0.2514 102.0
0.2516 96.0
0.2518 68.0
0.252 77.0
0.2522 77.0
0.2524 84.0
0.2526 55.0
0.2528 91.0
0.253 82.0
0.2532 85.0
0.2534 101.0
0.2536 88.0
0.2538 67.0
0.254 98.0
0.2542 88.0
0.2544 116.0
0.2546 127.0
0.2548 125.0
0.255 178.0
0.2552 195.0
0.2554 222.0
0.2556 247.0
0.2558 237.0
0.256 294.0
0.2562 341.0
0.2564 361.0
0.2566 448.0
0.2568 467.0
0.257 506.0
0.2572 508.0
0.2574 531.0
0.2576 560.0
0.2578 581.0
0.258 588.0
0.2582 602.0
0.2584 596.0
0.2586 610.0
0.2588 594.0
0.259 608.0
0.2592 612.0
0.2594 621.0
0.2596 622.0
0.2598 624.0
0.26 623.0
0.2602 628.0
0.2604 629.0
0.2606 628.0
0.2608 627.0
0.261 632.0
0.2612 624.0
0.2614 632.0
0.2616 639.0
0.2618 632.0
0.262 636.0
0.2622 621.0
0.2624 639.0
0.2626 638.0
0.2628 636.0
0.263 632.0
0.2632 637.0
0.2634 639.0
0.2636 636.0
0.2638 642.0
0.264 639.0
0.2642 640.0
0.2644 638.0
0.2646 642.0
0.2648 641.0
0.265 641.0
0.2652 633.0
0.2654 641.0
0.2656 640.0
0.2658 638.0
0.266 627.0
0.2662 630.0
0.2664 633.0
0.2666 627.0
0.2668 618.0
0.267 626.0
0.2672 607.0
0.2674 591.0
0.2676 592.0
0.2678 565.0
0.268 551.0
0.2682 519.0
0.2684 505.0
0.2686 466.0
0.2688 446.0
0.269 407.0
0.2692 400.0
0.2694 360.0
0.2696 311.0
0.2698 339.0
0.27 318.0
0.2702 300.0
0.2704 298.0
0.2706 254.0
0.2708 248.0
0.271 240.0
0.2712 216.0
0.2714 214.0
0.2716 179.0
0.2718 201.0
0.272 178.0
0.2722 221.0
0.2724 196.0
0.2726 192.0
0.2728 187.0
0.273 183.0
0.2732 144.0
0.2734 166.0
0.2736 133.0
0.2738 185.0
0.274 152.0
0.2742 160.0
0.2744 155.0
0.2746 148.0
0.2748 116.0
0.275 167.0
0.2752 152.0
0.2754 105.0
0.2756 119.0
0.2758 164.0
0.276 163.0
0.2762 146.0
0.2764 120.0
0.2766 139.0
0.2768 124.0
0.277 130.0
0.2772 149.0
0.2774 101.0
0.2776 87.0
0.2778 121.0
0.278 116.0
0.2782 117.0
0.2784 113.0
0.2786 73.0
0.2788 122.0
0.279 98.0
0.2792 140.0
0.2794 114.0
0.2796 106.0
0.2798 105.0
0.28 127.0
0.2802 121.0
0.2804 135.0
0.2806 101.0
0.2808 110.0
0.281 115.0
0.2812 90.0
0.2814 87.0
0.2816 105.0
0.2818 86.0
0.282 105.0
0.2822 96.0
0.2824 85.0
0.2826 123.0
0.2828 86.0
0.283 103.0
0.2832 131.0
0.2834 117.0
0.2836 76.0
0.2838 97.0
0.284 107.0
0.2842 128.0
0.2844 99.0
0.2846 76.0
0.2848 117.0
0.285 97.0
0.2852 79.0
0.2854 120.0
0.2856 138.0
0.2858 119.0
0.286 111.0
0.2862 102.0
0.2864 66.0
0.2866 97.0
0.2868 62.0
0.287 71.0
0.2872 94.0
0.2874 88.0
0.2876 98.0
0.2878 68.0
0.288 101.0
0.2882 69.0
0.2884 99.0
0.2886 105.0
0.2888 93.0
0.289 86.0
0.2892 54.0
0.2894 101.0
0.2896 101.0
0.2898 89.0
0.29 83.0
0.2902 96.0
0.2904 90.0
0.2906 84.0
0.2908 119.0
0.291 111.0
0.2912 108.0
0.2914 135.0
0.2916 150.0
0.2918 157.0
0.292 187.0
0.2922 191.0
0.2924 230.0
0.2926 263.0
0.2928 325.0
0.293 330.0
0.2932 359.0
0.2934 423.0
0.2936 429.0
0.2938 497.0
0.294 494.0
0.2942 536.0
0.2944 536.0
0.2946 572.0
0.2948 578.0
0.295 590.0
0.2952 596.0
0.2954 613.0
0.2956 604.0
0.2958 608.0
0.296 615.0
0.2962 618.0
0.2964 615.0
0.2966 621.0
0.2968 614.0
0.297 622.0
0.2972 621.0
0.2974 634.0
0.2976 628.0
0.2978 631.0
0.298 627.0
0.2982 638.0
0.2984 634.0
0.2986 638.0
0.2988 632.0
0.299 636.0
0.2992 637.0
0.2994 640.0
0.2996 637.0
0.2998 635.0
0.3 637.0
0.3002 639.0
0.3004 635.0
0.3006 639.0
0.3008 642.0
0.301 640.0
0.3012 640.0
0.3014 636.0
0.3016 640.0
0.3018 632.0
0.302 639.0
0.3022 639.0
0.3024 636.0
0.3026 633.0
0.3028 635.0
0.303 638.0
0.3032 622.0
0.3034 628.0
0.3036 632.0
0.3038 615.0
0.304 615.0
0.3042 608.0
0.3044 599.0
0.3046 576.0
0.3048 551.0
0.305 539.0
0.3052 496.0
0.3054 483.0
0.3056 460.0
0.3058 418.0
0.306 427.0
0.3062 384.0
0.3064 379.0
0.3066 318.0
0.3068 308.0
0.307 279.0
0.3072 274.0
0.3074 275.0
0.3076 249.0
0.3078 279.0
0.308 236.0
0.3082 252.0
0.3084 232.0
0.3086 195.0
0.3088 208.0
0.309 184.0
0.3092 201.0
0.3094 179.0
0.3096 180.0
0.3098 200.0
0.31 208.0
0.3102 187.0
0.3104 189.0
0.3106 163.0
0.3108 157.0
0.311 149.0
0.3112 164.0
0.3114 172.0
0.3116 149.0
0.3118 153.0
0.312 152.0
0.3122 95.0
0.3124 138.0
0.3126 144.0
0.3128 127.0
0.313 154.0
0.3132 131.0
0.3134 111.0
0.3136 133.0
0.3138 163.0
0.314 128.0
0.3142 133.0
0.3144 123.0
0.3146 116.0
0.3148 108.0
0.315 87.0
0.3152 130.0
0.3154 97.0
0.3156 114.0
0.3158 115.0
0.316 124.0
0.3162 133.0
0.3164 135.0
0.3166 101.0
0.3168 103.0
0.317 145.0
0.3172 113.0
0.3174 121.0
0.3176 60.0
0.3178 86.0
0.318 102.0
0.3182 82.0
0.3184 84.0
0.3186 103.0
0.3188 62.0
0.319 88.0
0.3192 112.0
0.3194 76.0
0.3196 105.0
0.3198 86.0
0.32 154.0
0.3202 107.0
0.3204 114.0
0.3206 105.0
0.3208 94.0
0.321 87.0
0.3212 55.0
0.3214 111.0
0.3216 86.0
0.3218 92.0
0.322 136.0
0.3222 97.0
0.3224 97.0
0.3226 82.0
0.3228 87.0
0.323 69.0
0.3232 90.0
0.3234 135.0
0.3236 100.0
0.3238 78.0
0.324 99.0
0.3242 108.0
0.3244 36.0
0.3246 72.0
0.3248 109.0
0.325 61.0
0.3252 85.0
0.3254 77.0
0.3256 60.0
0.3258 136.0
0.326 85.0
0.3262 137.0
0.3264 66.0
0.3266 89.0
0.3268 106.0
0.327 91.0
0.3272 90.0
0.3274 98.0
0.3276 120.0
0.3278 108.0
0.328 103.0
0.3282 129.0
0.3284 114.0
0.3286 158.0
0.3288 213.0
0.329 199.0
0.3292 237.0
0.3294 247.0
0.3296 262.0
0.3298 298.0
0.33 350.0
0.3302 390.0
0.3304 433.0
0.3306 477.0
0.3308 500.0
0.331 506.0
0.3312 553.0
0.3314 563.0
0.3316 584.0
0.3318 598.0
0.332 590.0
0.3322 602.0
0.3324 604.0
0.3326 603.0
0.3328 615.0
0.333 611.0
0.3332 613.0
0.3334 611.0
0.3336 620.0
0.3338 622.0
0.334 621.0
0.3342 628.0
0.3344 635.0
0.3346 632.0
0.3348 630.0
0.335 631.0
0.3352 629.0
0.3354 631.0
0.3356 630.0
0.3358 632.0
0.336 639.0
0.3362 639.0
0.3364 633.0
0.3366 630.0
0.3368 639.0
0.337 640.0
0.3372 638.0
0.3374 631.0
0.3376 638.0
0.3378 635.0
0.338 636.0
0.3382 636.0
0.3384 639.0
0.3386 635.0
0.3388 641.0
0.339 638.0
0.3392 636.0
0.3394 634.0
0.3396 639.0
0.3398 635.0
0.34 635.0
0.3402 633.0
0.3404 631.0
0.3406 626.0
0.3408 611.0
0.341 617.0
0.3412 609.0
0.3414 591.0
0.3416 583.0
0.3418 582.0
0.342 538.0
0.3422 523.0
0.3424 474.0
0.3426 449.0
0.3428 419.0
0.343 430.0
0.3432 379.0
0.3434 343.0
0.3436 367.0
0.3438 308.0
0.344 324.0
0.3442 277.0
0.3444 310.0
0.3446 253.0
0.3448 232.0
0.345 236.0
0.3452 224.0
0.3454 234.0
0.3456 217.0
0.3458 215.0
0.346 203.0
0.3462 217.0
0.3464 191.0
0.3466 181.0
0.3468 167.0
0.347 160.0
0.3472 190.0
0.3474 165.0
0.3476 197.0
0.3478 172.0
0.348 181.0
0.3482 151.0
0.3484 133.0
0.3486 168.0
0.3488 142.0
0.349 147.0
0.3492 163.0
0.3494 172.0
0.3496 161.0
0.3498 179.0
0.35 134.0
0.3502 125.0
0.3504 148.0
0.3506 142.0
0.3508 114.0
0.351 149.0
0.3512 134.0
0.3514 182.0
0.3516 147.0
0.3518 151.0
0.352 134.0
0.3522 105.0
0.3524 148.0
0.3526 119.0
0.3528 132.0
0.353 105.0
0.3532 103.0
0.3534 101.0
0.3536 93.0
0.3538 116.0
0.354 117.0
0.3542 93.0
0.3544 135.0
0.3546 116.0
0.3548 128.0
0.355 112.0
0.3552 89.0
0.3554 112.0
0.3556 91.0
0.3558 135.0
0.356 109.0
0.3562 90.0
0.3564 66.0
0.3566 138.0
0.3568 72.0
0.357 61.0
0.3572 100.0
0.3574 123.0
0.3576 101.0
0.3578 116.0
0.358 103.0
0.3582 74.0
0.3584 68.0
0.3586 107.0
0.3588 59.0
0.359 91.0
0.3592 76.0
0.3594 123.0
0.3596 83.0
0.3598 94.0
0.36 104.0
0.3602 63.0
0.3604 70.0
0.3606 54.0
0.3608 67.0
0.361 95.0
0.3612 86.0
0.3614 87.0
0.3616 86.0
0.3618 43.0
0.362 119.0
0.3622 98.0
0.3624 59.0
0.3626 28.0
0.3628 57.0
0.363 61.0
0.3632 78.0
0.3634 76.0
0.3636 79.0
0.3638 103.0
0.364 95.0
0.3642 108.0
0.3644 118.0
0.3646 103.0
0.3648 135.0
0.365 127.0
0.3652 118.0
0.3654 125.0
0.3656 148.0
0.3658 168.0
0.366 214.0
0.3662 212.0
0.3664 258.0
0.3666 314.0
0.3668 326.0
0.367 375.0
0.3672 424.0
0.3674 453.0
0.3676 476.0
0.3678 500.0
0.368 524.0
0.3682 561.0
0.3684 548.0
0.3686 571.0
0.3688 596.0
0.369 607.0
0.3692 613.0
0.3694 610.0
0.3696 610.0
0.3698 622.0
0.37 624.0
0.3702 618.0
0.3704 622.0
0.3706 631.0
0.3708 630.0
0.371 613.0
0.3712 625.0
0.3714 627.0
0.3716 630.0
0.3718 627.0
0.372 634.0
0.3722 630.0
0.3724 636.0
0.3726 631.0
0.3728 634.0
0.373 638.0
0.3732 640.0
0.3734 628.0
0.3736 638.0
0.3738 634.0
0.374 640.0
0.3742 638.0
0.3744 638.0
0.3746 639.0
0.3748 643.0
0.375 636.0
0.3752 637.0
0.3754 640.0
0.3756 640.0
0.3758 638.0
0.376 640.0
0.3762 633.0
0.3764 639.0
0.3766 640.0
0.3768 634.0
0.377 633.0
0.3772 625.0
0.3774 630.0
0.3776 610.0
0.3778 604.0
0.378 580.0
0.3782 582.0
0.3784 571.0
0.3786 569.0
0.3788 526.0
0.379 499.0
0.3792 459.0
0.3794 452.0
0.3796 383.0
0.3798 392.0
0.38 353.0
0.3802 327.0
0.3804 292.0
0.3806 319.0
0.3808 282.0
0.381 250.0
0.3812 268.0
0.3814 260.0
0.3816 249.0
0.3818 216.0
0.382 234.0
0.3822 220.0
0.3824 208.0
0.3826 182.0
0.3828 213.0
0.383 155.0
0.3832 169.0
0.3834 179.0
0.3836 158.0
0.3838 213.0
0.384 165.0
0.3842 163.0
0.3844 140.0
0.3846 168.0
0.3848 143.0
0.385 141.0
0.3852 141.0
0.3854 180.0
0.3856 156.0
0.3858 145.0
0.386 155.0
0.3862 152.0
0.3864 177.0
0.3866 185.0
0.3868 131.0
0.387 150.0
0.3872 149.0
0.3874 144.0
0.3876 142.0
0.3878 161.0
0.388 175.0
0.3882 170.0
0.3884 108.0
0.3886 108.0
0.3888 140.0
0.389 123.0
0.3892 101.0
0.3894 138.0
0.3896 138.0
0.3898 130.0
0.39 110.0
0.3902 162.0
0.3904 125.0
0.3906 112.0
0.3908 127.0
0.391 112.0
0.3912 100.0
0.3914 127.0
0.3916 97.0
0.3918 110.0
0.392 154.0
0.3922 91.0
0.3924 95.0
0.3926 77.0
0.3928 116.0
0.393 119.0
0.3932 129.0
0.3934 87.0
0.3936 70.0
0.3938 116.0
0.394 97.0
0.3942 106.0
0.3944 89.0
0.3946 82.0
0.3948 82.0
0.395 81.0
0.3952 48.0
0.3954 92.0
0.3956 101.0
0.3958 72.0
0.396 93.0
0.3962 67.0
0.3964 91.0
0.3966 83.0
0.3968 66.0
0.397 72.0
0.3972 107.0
0.3974 61.0
0.3976 68.0
0.3978 64.0
0.398 76.0
0.3982 63.0
0.3984 26.0
0.3986 90.0
0.3988 40.0
0.399 69.0
0.3992 35.0
0.3994 85.0
0.3996 69.0
0.3998 66.0
0.4 75.0
0.4002 97.0
0.4004 78.0
0.4006 83.0
0.4008 75.0
0.401 82.0
0.4012 95.0
0.4014 122.0
0.4016 126.0
0.4018 117.0
0.402 140.0
0.4022 174.0
0.4024 148.0
0.4026 221.0
0.4028 230.0
0.403 239.0
0.4032 251.0
0.4034 332.0
0.4036 356.0
0.4038 398.0
0.404 427.0
0.4042 476.0
0.4044 489.0
0.4046 515.0
0.4048 552.0
0.405 558.0
0.4052 587.0
0.4054 587.0
0.4056 605.0
0.4058 605.0
0.406 615.0
0.4062 610.0
0.4064 609.0
0.4066 615.0
0.4068 618.0
0.407 624.0
0.4072 624.0
0.4074 630.0
0.4076 629.0
0.4078 630.0
0.408 631.0
0.4082 631.0
0.4084 628.0
0.4086 635.0
0.4088 630.0
0.409 635.0
0.4092 635.0
0.4094 640.0
0.4096 633.0
0.4098 633.0
0.41 640.0
0.4102 639.0
0.4104 629.0
0.4106 637.0
0.4108 632.0
0.411 640.0
0.4112 639.0
0.4114 637.0
0.4116 634.0
0.4118 634.0
0.412 635.0
0.4122 642.0
0.4124 634.0
0.4126 638.0
0.4128 637.0
0.413 631.0
0.4132 639.0
0.4134 630.0
0.4136 637.0
0.4138 629.0
0.414 622.0
0.4142 620.0
0.4144 613.0
0.4146 601.0
0.4148 593.0
0.415 594.0
0.4152 555.0
0.4154 543.0
0.4156 522.0
0.4158 491.0
0.416 449.0
0.4162 387.0
0.4164 393.0
0.4166 398.0
0.4168 367.0
0.417 306.0
0.4172 308.0
0.4174 290.0
0.4176 312.0
0.4178 250.0
0.418 249.0
0.4182 215.0
0.4184 232.0
0.4186 215.0
0.4188 232.0
0.419 210.0
0.4192 203.0
0.4194 195.0
0.4196 170.0
0.4198 166.0
0.42 165.0
0.4202 152.0
0.4204 193.0
0.4206 173.0
0.4208 153.0
0.421 143.0
0.4212 169.0
0.4214 177.0
0.4216 145.0
0.4218 147.0
0.422 141.0
0.4222 131.0
0.4224 156.0
0.4226 153.0
0.4228 155.0
0.423 152.0
0.4232 166.0
0.4234 130.0
0.4236 148.0
0.4238 185.0
0.424 133.0
0.4242 136.0
0.4244 138.0
0.4246 171.0
0.4248 137.0
0.425 128.0
0.4252 145.0
0.4254 155.0
0.4256 118.0
0.4258 132.0
0.426 143.0
0.4262 138.0
0.4264 145.0
0.4266 99.0
0.4268 132.0
0.427 134.0
0.4272 113.0
0.4274 120.0
0.4276 179.0
0.4278 124.0
0.428 126.0
0.4282 113.0
0.4284 159.0
0.4286 122.0
0.4288 116.0
0.429 140.0
0.4292 124.0
0.4294 76.0
0.4296 103.0
0.4298 149.0
0.43 119.0
0.4302 115.0
0.4304 111.0
0.4306 102.0
0.4308 109.0
0.431 99.0
0.4312 76.0
0.4314 123.0
0.4316 79.0
0.4318 80.0
0.432 103.0
0.4322 113.0
0.4324 74.0
0.4326 88.0
0.4328 110.0
0.433 92.0
0.4332 72.0
0.4334 89.0
0.4336 96.0
0.4338 90.0
0.434 90.0
0.4342 66.0
0.4344 69.0
0.4346 104.0
0.4348 64.0
0.435 78.0
0.4352 72.0
0.4354 90.0
0.4356 52.0
0.4358 73.0
0.436 68.0
0.4362 74.0
0.4364 85.0
0.4366 86.0
0.4368 67.0
0.437 82.0
0.4372 63.0
0.4374 74.0
0.4376 60.0
0.4378 78.0
0.438 78.0
0.4382 89.0
0.4384 104.0
0.4386 100.0
0.4388 137.0
0.439 135.0
0.4392 168.0
0.4394 163.0
0.4396 196.0
0.4398 218.0
0.44 262.0
0.4402 283.0
0.4404 346.0
0.4406 360.0
0.4408 421.0
0.441 455.0
0.4412 473.0
0.4414 503.0
0.4416 541.0
0.4418 555.0
0.442 593.0
0.4422 575.0
0.4424 594.0
0.4426 603.0
0.4428 608.0
0.443 614.0
0.4432 608.0
0.4434 613.0
0.4436 620.0
0.4438 612.0
0.444 619.0
0.4442 629.0
0.4444 635.0
0.4446 627.0
0.4448 628.0
0.445 624.0
0.4452 623.0
0.4454 629.0
0.4456 631.0
0.4458 633.0
0.446 633.0
0.4462 631.0
0.4464 632.0
0.4466 636.0
0.4468 636.0
0.447 642.0
0.4472 632.0
0.4474 630.0
0.4476 634.0
0.4478 637.0
0.448 644.0
0.4482 638.0
0.4484 636.0
0.4486 633.0
0.4488 640.0
0.449 640.0
0.4492 637.0
0.4494 640.0
0.4496 642.0
0.4498 635.0
0.45 635.0
0.4502 639.0
0.4504 635.0
0.4506 629.0
0.4508 628.0
0.451 623.0
0.4512 628.0
0.4514 625.0
0.4516 608.0
0.4518 606.0
0.452 595.0
0.4522 582.0
0.4524 544.0
0.4526 514.0
0.4528 489.0
0.453 483.0
0.4532 452.0
0.4534 428.0
0.4536 388.0
0.4538 386.0
0.454 362.0
0.4542 357.0
0.4544 305.0
0.4546 296.0
0.4548 265.0
0.455 272.0
0.4552 259.0
0.4554 221.0
0.4556 238.0
0.4558 233.0
0.456 202.0
0.4562 187.0
0.4564 193.0
0.4566 216.0
0.4568 181.0
0.457 179.0
0.4572 160.0
0.4574 173.0
0.4576 198.0
0.4578 139.0
0.458 150.0
0.4582 171.0
0.4584 119.0
0.4586 174.0
0.4588 149.0
0.459 146.0
0.4592 164.0
0.4594 156.0
0.4596 136.0
0.4598 149.0
0.46 125.0
0.4602 179.0
0.4604 144.0
0.4606 148.0
0.4608 104.0
0.461 136.0
0.4612 132.0
0.4614 134.0
0.4616 100.0
0.4618 109.0
0.462 145.0
0.4622 135.0
0.4624 117.0
0.4626 118.0
0.4628 111.0
0.463 137.0
0.4632 114.0
0.4634 121.0
0.4636 146.0
0.4638 152.0
0.464 130.0
0.4642 163.0
0.4644 144.0
0.4646 137.0
0.4648 131.0
0.465 144.0
0.4652 111.0
0.4654 125.0
0.4656 127.0
0.4658 169.0
0.466 156.0
0.4662 130.0
0.4664 134.0
0.4666 134.0
0.4668 127.0
0.467 128.0
0.4672 157.0
0.4674 96.0
0.4676 97.0
0.4678 85.0
0.468 131.0
0.4682 106.0
0.4684 110.0
0.4686 117.0
0.4688 143.0
0.469 57.0
0.4692 100.0
0.4694 84.0
0.4696 113.0
0.4698 100.0
0.47 79.0
0.4702 46.0
0.4704 100.0
0.4706 111.0
0.4708 78.0
0.471 68.0
0.4712 67.0
0.4714 77.0
0.4716 75.0
0.4718 94.0
0.472 35.0
0.4722 117.0
0.4724 69.0
0.4726 83.0
0.4728 92.0
0.473 114.0
0.4732 112.0
0.4734 75.0
0.4736 114.0
0.4738 63.0
0.474 39.0
0.4742 60.0
0.4744 76.0
0.4746 87.0
0.4748 56.0
0.475 69.0
0.4752 66.0
0.4754 111.0
0.4756 86.0
0.4758 111.0
0.476 148.0
0.4762 150.0
0.4764 189.0
0.4766 199.0
0.4768 240.0
0.477 245.0
0.4772 278.0
0.4774 331.0
0.4776 352.0
0.4778 402.0
0.478 467.0
0.4782 485.0
0.4784 521.0
0.4786 539.0
0.4788 539.0
0.479 554.0
0.4792 574.0
0.4794 581.0
0.4796 592.0
0.4798 596.0
0.48 607.0
0.4802 608.0
0.4804 610.0
0.4806 623.0
0.4808 621.0
0.481 618.0
0.4812 618.0
0.4814 626.0
0.4816 629.0
0.4818 625.0
0.482 627.0
0.4822 627.0
0.4824 624.0
0.4826 636.0
0.4828 631.0
0.483 628.0
0.4832 627.0
0.4834 633.0
0.4836 635.0
0.4838 638.0
0.484 636.0
0.4842 638.0
0.4844 640.0
0.4846 634.0
0.4848 633.0
0.485 636.0
0.4852 641.0
0.4854 639.0
0.4856 638.0
0.4858 635.0
0.486 639.0
0.4862 635.0
0.4864 643.0
0.4866 635.0
0.4868 637.0
0.487 633.0
0.4872 637.0
0.4874 628.0
0.4876 629.0
0.4878 626.0
0.488 613.0
0.4882 618.0
0.4884 611.0
0.4886 603.0
0.4888 591.0
0.489 590.0
0.4892 566.0
0.4894 523.0
0.4896 510.0
0.4898 473.0
0.49 450.0
0.4902 435.0
0.4904 398.0
0.4906 365.0
0.4908 377.0
0.491 349.0
0.4912 314.0
0.4914 292.0
0.4916 290.0
0.4918 258.0
0.492 248.0
0.4922 261.0
0.4924 274.0
0.4926 222.0
0.4928 246.0
0.493 208.0
0.4932 171.0
0.4934 174.0
0.4936 187.0
0.4938 188.0
0.494 201.0
0.4942 167.0
0.4944 158.0
0.4946 177.0
0.4948 177.0
0.495 157.0
0.4952 157.0
0.4954 124.0
0.4956 161.0
0.4958 162.0
0.496 140.0
0.4962 170.0
0.4964 151.0
0.4966 86.0
0.4968 126.0
0.497 135.0
0.4972 122.0
0.4974 139.0
0.4976 149.0
0.4978 169.0
0.498 151.0
0.4982 75.0
0.4984 119.0
0.4986 141.0
0.4988 127.0
0.499 104.0
0.4992 138.0
0.4994 110.0
0.4996 154.0
0.4998 91.0
0.5 152.0
0.5002 117.0
0.5004 129.0
0.5006 98.0
0.5008 65.0
0.501 94.0
0.5012 105.0
0.5014 148.0
0.5016 88.0
0.5018 136.0
0.502 119.0
0.5022 142.0
0.5024 82.0
0.5026 116.0
0.5028 121.0
0.503 101.0
0.5032 108.0
0.5034 101.0
0.5036 82.0
0.5038 98.0
0.504 108.0
0.5042 70.0
0.5044 116.0
0.5046 104.0
0.5048 105.0
0.505 102.0
0.5052 103.0
0.5054 108.0
0.5056 84.0
0.5058 125.0
0.506 66.0
0.5062 107.0
0.5064 66.0
0.5066 108.0
0.5068 117.0
0.507 113.0
0.5072 86.0
0.5074 106.0
0.5076 98.0
0.5078 84.0
0.508 104.0
0.5082 83.0
0.5084 98.0
0.5086 90.0
0.5088 46.0
0.509 93.0
0.5092 117.0
0.5094 92.0
0.5096 86.0
0.5098 62.0
0.51 95.0
0.5102 90.0
0.5104 96.0
0.5106 80.0
0.5108 62.0
0.511 77.0
0.5112 58.0
0.5114 97.0
0.5116 93.0
0.5118 97.0
0.512 114.0
0.5122 131.0
0.5124 135.0
0.5126 138.0
0.5128 101.0
0.513 139.0
0.5132 180.0
0.5134 168.0
0.5136 223.0
0.5138 255.0
0.514 276.0
0.5142 290.0
0.5144 344.0
0.5146 381.0
0.5148 415.0
0.515 481.0
0.5152 487.0
0.5154 523.0
0.5156 562.0
0.5158 558.0
0.516 567.0
0.5162 598.0
0.5164 591.0
0.5166 607.0
0.5168 603.0
0.517 613.0
0.5172 619.0
0.5174 619.0
0.5176 615.0
0.5178 628.0
0.518 619.0
0.5182 618.0
0.5184 614.0
0.5186 620.0
0.5188 628.0
0.519 629.0
0.5192 628.0
0.5194 630.0
0.5196 634.0
0.5198 636.0
0.52 637.0
0.5202 632.0
0.5204 639.0
0.5206 634.0
0.5208 638.0
0.521 635.0
0.5212 639.0
0.5214 634.0
0.5216 638.0
0.5218 636.0
0.522 641.0
0.5222 640.0
0.5224 638.0
0.5226 638.0
0.5228 637.0
0.523 637.0
0.5232 636.0
0.5234 637.0
0.5236 639.0
0.5238 640.0
0.524 631.0
0.5242 630.0
0.5244 632.0
0.5246 633.0
0.5248 627.0
0.525 613.0
0.5252 597.0
0.5254 605.0
0.5256 587.0
0.5258 567.0
0.526 558.0
0.5262 552.0
0.5264 491.0
0.5266 464.0
0.5268 467.0
0.527 446.0
0.5272 403.0
0.5274 359.0
0.5276 355.0
0.5278 337.0
0.528 320.0
0.5282 299.0
0.5284 290.0
0.5286 272.0
0.5288 263.0
0.529 239.0
0.5292 215.0
0.5294 211.0
0.5296 230.0
0.5298 205.0
0.53 208.0
0.5302 221.0
0.5304 186.0
0.5306 218.0
0.5308 171.0
0.531 170.0
0.5312 182.0
0.5314 162.0
0.5316 157.0
0.5318 163.0
0.532 138.0
0.5322 151.0
0.5324 166.0
0.5326 172.0
0.5328 124.0
0.533 130.0
0.5332 154.0
0.5334 171.0
0.5336 152.0
0.5338 149.0
0.534 113.0
0.5342 165.0
0.5344 134.0
0.5346 107.0
0.5348 114.0
0.535 135.0
0.5352 141.0
0.5354 131.0
0.5356 119.0
0.5358 145.0
0.536 102.0
0.5362 126.0
0.5364 103.0
0.5366 131.0
0.5368 128.0
0.537 128.0
0.5372 88.0
0.5374 127.0
0.5376 141.0
0.5378 122.0
0.538 99.0
0.5382 72.0
0.5384 118.0
0.5386 118.0
0.5388 103.0
0.539 110.0
0.5392 101.0
0.5394 98.0
0.5396 122.0
0.5398 112.0
0.54 115.0
0.5402 87.0
0.5404 119.0
0.5406 74.0
0.5408 55.0
0.541 85.0
0.5412 105.0
0.5414 73.0
0.5416 104.0
0.5418 78.0
0.542 132.0
0.5422 75.0
0.5424 67.0
0.5426 82.0
0.5428 118.0
0.543 98.0
0.5432 93.0
0.5434 71.0
0.5436 92.0
0.5438 105.0
0.544 60.0
0.5442 85.0
0.5444 77.0
0.5446 86.0
0.5448 152.0
0.545 74.0
0.5452 96.0
0.5454 100.0
0.5456 109.0
0.5458 74.0
0.546 88.0
0.5462 84.0
0.5464 76.0
0.5466 71.0
0.5468 57.0
0.547 70.0
0.5472 82.0
0.5474 80.0
0.5476 118.0
0.5478 106.0
0.548 96.0
0.5482 117.0
0.5484 105.0
0.5486 106.0
0.5488 135.0
0.549 78.0
0.5492 127.0
0.5494 132.0
0.5496 169.0
0.5498 158.0
0.55 157.0
0.5502 201.0
0.5504 226.0
0.5506 290.0
0.5508 338.0
0.551 329.0
0.5512 375.0
0.5514 415.0
0.5516 458.0
0.5518 490.0
0.552 526.0
0.5522 547.0
0.5524 563.0
0.5526 593.0
0.5528 590.0
0.553 589.0
0.5532 594.0
0.5534 594.0
0.5536 600.0
0.5538 615.0
0.554 610.0
0.5542 625.0
0.5544 626.0
0.5546 620.0
0.5548 630.0
0.555 622.0
0.5552 622.0
0.5554 631.0
0.5556 633.0
0.5558 638.0
0.556 631.0
0.5562 633.0
0.5564 636.0
0.5566 629.0
0.5568 639.0
0.557 635.0
0.5572 638.0
0.5574 634.0
0.5576 635.0
0.5578 634.0
0.558 639.0
0.5582 635.0
0.5584 634.0
0.5586 638.0
0.5588 642.0
0.559 641.0
0.5592 642.0
0.5594 638.0
0.5596 636.0
0.5598 638.0
0.56 641.0
0.5602 639.0
0.5604 633.0
0.5606 639.0
0.5608 634.0
0.561 632.0
0.5612 638.0
0.5614 634.0
0.5616 627.0
0.5618 621.0
0.562 622.0
0.5622 620.0
0.5624 606.0
0.5626 597.0
0.5628 596.0
0.563 576.0
0.5632 552.0
0.5634 518.0
0.5636 502.0
0.5638 450.0
0.564 442.0
0.5642 420.0
0.5644 383.0
0.5646 366.0
0.5648 346.0
0.565 340.0
0.5652 317.0
0.5654 286.0
0.5656 294.0
0.5658 266.0
0.566 284.0
0.5662 234.0
0.5664 238.0
0.5666 264.0
0.5668 234.0
0.567 168.0
0.5672 219.0
0.5674 190.0
0.5676 196.0
0.5678 222.0
0.568 183.0
0.5682 177.0
0.5684 175.0
0.5686 164.0
0.5688 186.0
0.569 172.0
0.5692 163.0
0.5694 202.0
0.5696 216.0
0.5698 168.0
0.57 164.0
0.5702 129.0
0.5704 162.0
0.5706 158.0
0.5708 122.0
0.571 142.0
0.5712 151.0
0.5714 146.0
0.5716 151.0
0.5718 147.0
0.572 135.0
0.5722 106.0
0.5724 127.0
0.5726 151.0
0.5728 154.0
0.573 114.0
0.5732 95.0
0.5734 111.0
0.5736 100.0
0.5738 117.0
0.574 79.0
0.5742 101.0
0.5744 144.0
0.5746 102.0
0.5748 119.0
0.575 120.0
0.5752 128.0
0.5754 114.0
0.5756 101.0
0.5758 91.0
0.576 88.0
0.5762 80.0
0.5764 127.0
0.5766 79.0
0.5768 92.0
0.577 129.0
0.5772 95.0
0.5774 105.0
0.5776 100.0
0.5778 112.0
0.578 117.0
0.5782 86.0
0.5784 90.0
0.5786 92.0
0.5788 83.0
0.579 77.0
0.5792 98.0
0.5794 88.0
0.5796 66.0
0.5798 114.0
0.58 82.0
0.5802 86.0
0.5804 113.0
0.5806 109.0
0.5808 92.0
0.581 108.0
0.5812 79.0
0.5814 61.0
0.5816 118.0
0.5818 108.0
0.582 102.0
0.5822 111.0
0.5824 48.0
0.5826 68.0
0.5828 64.0
0.583 71.0
0.5832 39.0
0.5834 61.0
0.5836 88.0
0.5838 67.0
0.584 81.0
0.5842 124.0
0.5844 102.0
0.5846 113.0
0.5848 93.0
0.585 73.0
0.5852 96.0
0.5854 80.0
0.5856 77.0
0.5858 74.0
0.586 112.0
0.5862 68.0
0.5864 99.0
0.5866 132.0
0.5868 152.0
0.587 177.0
0.5872 188.0
0.5874 200.0
0.5876 244.0
0.5878 252.0
0.588 293.0
0.5882 319.0
0.5884 335.0
0.5886 414.0
0.5888 436.0
0.589 463.0
0.5892 513.0
0.5894 540.0
0.5896 546.0
0.5898 558.0
0.59 584.0
0.5902 589.0
0.5904 595.0
0.5906 607.0
0.5908 607.0
0.591 623.0
0.5912 615.0
0.5914 612.0
0.5916 617.0
0.5918 618.0
0.592 625.0
0.5922 632.0
0.5924 621.0
0.5926 622.0
0.5928 626.0
0.593 626.0
0.5932 626.0
0.5934 628.0
0.5936 639.0
0.5938 628.0
0.594 640.0
0.5942 635.0
0.5944 635.0
0.5946 630.0
0.5948 636.0
0.595 637.0
0.5952 640.0
0.5954 635.0
0.5956 634.0
0.5958 634.0
0.596 639.0
0.5962 637.0
0.5964 629.0
0.5966 637.0
0.5968 638.0
0.597 634.0
0.5972 637.0
0.5974 637.0
0.5976 640.0
0.5978 633.0
0.598 635.0
0.5982 635.0
0.5984 639.0
0.5986 630.0
0.5988 617.0
0.599 617.0
0.5992 603.0
0.5994 616.0
0.5996 594.0
0.5998 591.0
0.6 556.0
0.6002 540.0
0.6004 508.0
0.6006 495.0
0.6008 435.0
0.601 433.0
0.6012 398.0
0.6014 382.0
0.6016 343.0
0.6018 356.0
0.602 311.0
0.6022 283.0
0.6024 294.0
0.6026 275.0
0.6028 270.0
0.603 248.0
0.6032 264.0
0.6034 257.0
0.6036 233.0
0.6038 257.0
0.604 222.0
0.6042 231.0
0.6044 182.0
0.6046 211.0
0.6048 188.0
0.605 203.0
0.6052 199.0
0.6054 159.0
0.6056 193.0
0.6058 164.0
0.606 191.0
0.6062 179.0
0.6064 142.0
0.6066 158.0
0.6068 141.0
0.607 138.0
0.6072 172.0
0.6074 148.0
0.6076 145.0
0.6078 139.0
0.608 148.0
0.6082 153.0
0.6084 137.0
0.6086 175.0
0.6088 127.0
0.609 134.0
0.6092 149.0
0.6094 148.0
0.6096 154.0
0.6098 140.0
0.61 135.0
0.6102 133.0
0.6104 134.0
0.6106 122.0
0.6108 98.0
0.611 137.0
0.6112 137.0
0.6114 141.0
0.6116 146.0
0.6118 129.0
0.612 97.0
0.6122 139.0
0.6124 141.0
0.6126 114.0
0.6128 123.0
0.613 118.0
0.6132 100.0
0.6134 126.0
0.6136 80.0
0.6138 111.0
0.614 98.0
0.6142 112.0
0.6144 93.0
0.6146 67.0
0.6148 91.0
0.615 142.0
0.6152 92.0
0.6154 78.0
0.6156 60.0
0.6158 104.0
0.616 65.0
0.6162 85.0
0.6164 98.0
0.6166 96.0
0.6168 73.0
0.617 93.0
0.6172 98.0
0.6174 66.0
0.6176 91.0
0.6178 63.0
0.618 107.0
0.6182 68.0
0.6184 69.0
0.6186 97.0
0.6188 96.0
0.619 119.0
0.6192 39.0
0.6194 47.0
0.6196 56.0
0.6198 90.0
0.62 73.0
0.6202 81.0
0.6204 46.0
0.6206 43.0
0.6208 92.0
0.621 88.0
0.6212 55.0
0.6214 117.0
0.6216 123.0
0.6218 75.0
0.622 58.0
0.6222 67.0
0.6224 79.0
0.6226 62.0
0.6228 91.0
0.623 112.0
0.6232 112.0
0.6234 141.0
0.6236 157.0
0.6238 140.0
0.624 165.0
0.6242 174.0
0.6244 253.0
0.6246 258.0
0.6248 317.0
0.625 351.0
0.6252 380.0
0.6254 443.0
0.6256 463.0
0.6258 484.0
0.626 516.0
0.6262 537.0
0.6264 564.0
0.6266 589.0
0.6268 591.0
0.627 584.0
0.6272 601.0
0.6274 597.0
0.6276 604.0
0.6278 616.0
0.628 621.0
0.6282 612.0
0.6284 610.0
0.6286 618.0
0.6288 615.0
0.629 628.0
0.6292 627.0
0.6294 625.0
0.6296 628.0
0.6298 626.0
0.63 641.0
0.6302 633.0
0.6304 636.0
0.6306 634.0
0.6308 633.0
0.631 635.0
0.6312 635.0
0.6314 628.0
0.6316 638.0
0.6318 634.0
0.632 636.0
0.6322 636.0
0.6324 636.0
0.6326 635.0
0.6328 641.0
0.633 638.0
0.6332 636.0
0.6334 638.0
0.6336 638.0
0.6338 637.0
0.634 630.0
0.6342 635.0
0.6344 639.0
0.6346 638.0
0.6348 640.0
0.635 631.0
0.6352 633.0
0.6354 628.0
0.6356 611.0
0.6358 621.0
0.636 611.0
0.6362 594.0
0.6364 593.0
0.6366 579.0
0.6368 545.0
0.637 518.0
0.6372 499.0
0.6374 472.0
0.6376 454.0
0.6378 395.0
0.638 385.0
0.6382 358.0
0.6384 305.0
0.6386 337.0
0.6388 295.0
0.639 282.0
0.6392 269.0
0.6394 252.0
0.6396 228.0
0.6398 195.0
0.64 262.0
0.6402 188.0
0.6404 194.0
0.6406 178.0
0.6408 186.0
0.641 191.0
0.6412 212.0
0.6414 179.0
0.6416 198.0
0.6418 189.0
0.642 144.0
0.6422 161.0
0.6424 137.0
0.6426 167.0
0.6428 162.0
0.643 156.0
0.6432 113.0
0.6434 161.0
0.6436 190.0
0.6438 141.0
0.644 160.0
0.6442 163.0
0.6444 150.0
0.6446 161.0
0.6448 151.0
0.645 174.0
0.6452 121.0
0.6454 126.0
0.6456 139.0
0.6458 141.0
0.646 170.0
0.6462 139.0
0.6464 129.0
0.6466 140.0
0.6468 128.0
0.647 151.0
0.6472 115.0
0.6474 146.0
0.6476 97.0
0.6478 108.0
0.648 119.0
0.6482 119.0
0.6484 126.0
0.6486 107.0
0.6488 132.0
0.649 81.0
0.6492 139.0
0.6494 140.0
0.6496 149.0
0.6498 124.0
0.65 62.0
0.6502 108.0
0.6504 131.0
0.6506 121.0
0.6508 138.0
0.651 81.0
0.6512 114.0
0.6514 120.0
0.6516 120.0
0.6518 96.0
0.652 82.0
0.6522 99.0
0.6524 114.0
0.6526 96.0
0.6528 84.0
0.653 122.0
0.6532 101.0
0.6534 99.0
0.6536 100.0
0.6538 96.0
0.654 78.0
0.6542 117.0
0.6544 72.0
0.6546 92.0
0.6548 83.0
0.655 83.0
0.6552 61.0
0.6554 91.0
0.6556 70.0
0.6558 87.0
0.656 90.0
0.6562 75.0
0.6564 77.0
0.6566 68.0
0.6568 58.0
0.657 65.0
0.6572 45.0
0.6574 66.0
0.6576 41.0
0.6578 43.0
0.658 82.0
0.6582 82.0
0.6584 70.0
0.6586 87.0
0.6588 99.0
0.659 72.0
0.6592 77.0
0.6594 71.0
0.6596 100.0
0.6598 79.0
0.66 86.0
0.6602 124.0
0.6604 148.0
0.6606 161.0
0.6608 184.0
0.661 219.0
0.6612 243.0
0.6614 284.0
0.6616 334.0
0.6618 375.0
0.662 411.0
0.6622 450.0
0.6624 477.0
0.6626 511.0
0.6628 525.0
0.663 562.0
0.6632 555.0
0.6634 587.0
0.6636 587.0
0.6638 601.0
0.664 601.0
0.6642 618.0
0.6644 611.0
0.6646 607.0
0.6648 612.0
0.665 623.0
0.6652 627.0
0.6654 622.0
0.6656 626.0
0.6658 622.0
0.666 622.0
0.6662 623.0
0.6664 627.0
0.6666 634.0
0.6668 629.0
0.667 637.0
0.6672 632.0
0.6674 630.0
0.6676 637.0
0.6678 635.0
0.668 637.0
0.6682 636.0
0.6684 636.0
0.6686 633.0
0.6688 641.0
0.669 638.0
0.6692 641.0
0.6694 637.0
0.6696 638.0
0.6698 642.0
0.67 636.0
0.6702 631.0
0.6704 633.0
0.6706 638.0
0.6708 637.0
0.671 639.0
0.6712 635.0
0.6714 636.0
0.6716 637.0
0.6718 635.0
0.672 630.0
0.6722 625.0
0.6724 610.0
0.6726 623.0
0.6728 616.0
0.673 607.0
0.6732 611.0
0.6734 590.0
0.6736 570.0
0.6738 527.0
0.674 515.0
0.6742 484.0
0.6744 459.0
0.6746 431.0
0.6748 415.0
0.675 375.0
0.6752 375.0
0.6754 318.0
0.6756 300.0
0.6758 309.0
0.676 252.0
0.6762 249.0
0.6764 292.0
0.6766 266.0
0.6768 245.0
0.677 222.0
0.6772 212.0
0.6774 212.0
0.6776 236.0
0.6778 221.0
0.678 204.0
0.6782 190.0
0.6784 169.0
0.6786 180.0
0.6788 210.0
0.679 131.0
0.6792 146.0
0.6794 182.0
0.6796 171.0
0.6798 146.0
0.68 175.0
0.6802 163.0
0.6804 145.0
0.6806 103.0
0.6808 118.0
0.681 136.0
0.6812 162.0
0.6814 169.0
0.6816 142.0
0.6818 130.0
0.682 135.0
0.6822 140.0
0.6824 105.0
0.6826 146.0
0.6828 125.0
0.683 124.0
0.6832 136.0
0.6834 114.0
0.6836 149.0
0.6838 112.0
0.684 126.0
0.6842 134.0
0.6844 122.0
0.6846 126.0
0.6848 92.0
0.685 106.0
0.6852 105.0
0.6854 132.0
0.6856 97.0
0.6858 121.0
0.686 110.0
0.6862 133.0
0.6864 113.0
0.6866 73.0
0.6868 144.0
0.687 141.0
0.6872 151.0
0.6874 101.0
0.6876 139.0
0.6878 117.0
0.688 80.0
0.6882 112.0
0.6884 118.0
0.6886 89.0
0.6888 86.0
0.689 110.0
0.6892 88.0
0.6894 107.0
0.6896 92.0
0.6898 108.0
0.69 85.0
0.6902 133.0
0.6904 110.0
0.6906 110.0
0.6908 113.0
0.691 86.0
0.6912 67.0
0.6914 81.0
0.6916 71.0
0.6918 95.0
0.692 85.0
0.6922 109.0
0.6924 108.0
0.6926 57.0
0.6928 76.0
0.693 89.0
0.6932 122.0
0.6934 52.0
0.6936 58.0
0.6938 73.0
0.694 70.0
0.6942 83.0
0.6944 87.0
0.6946 36.0
0.6948 64.0
0.695 109.0
0.6952 43.0
0.6954 88.0
0.6956 108.0
0.6958 96.0
0.696 91.0
0.6962 94.0
0.6964 56.0
0.6966 127.0
0.6968 104.0
0.697 135.0
0.6972 106.0
0.6974 113.0
0.6976 175.0
0.6978 167.0
0.698 197.0
0.6982 203.0
0.6984 222.0
0.6986 253.0
0.6988 308.0
0.699 365.0
0.6992 390.0
0.6994 432.0
0.6996 474.0
0.6998 512.0
0.7 523.0
0.7002 548.0
0.7004 562.0
0.7006 581.0
0.7008 589.0
0.701 599.0
0.7012 609.0
0.7014 610.0
0.7016 605.0
0.7018 621.0
0.702 626.0
0.7022 618.0
0.7024 621.0
0.7026 619.0
0.7028 622.0
0.703 623.0
0.7032 625.0
0.7034 622.0
0.7036 635.0
0.7038 635.0
0.704 632.0
0.7042 632.0
0.7044 633.0
0.7046 638.0
0.7048 637.0
0.705 634.0
0.7052 636.0
0.7054 637.0
0.7056 639.0
0.7058 638.0
0.706 638.0
0.7062 637.0
0.7064 638.0
0.7066 631.0
0.7068 639.0
0.707 637.0
0.7072 640.0
0.7074 635.0
0.7076 637.0
0.7078 636.0
0.708 638.0
0.7082 642.0
0.7084 641.0
0.7086 636.0
0.7088 635.0
0.709 635.0
0.7092 642.0
0.7094 624.0
0.7096 629.0
0.7098 619.0
0.71 601.0
0.7102 595.0
0.7104 586.0
0.7106 569.0
0.7108 543.0
0.711 524.0
0.7112 497.0
0.7114 486.0
0.7116 413.0
0.7118 409.0
0.712 369.0
0.7122 357.0
0.7124 334.0
0.7126 298.0
0.7128 290.0
0.713 300.0
0.7132 275.0
0.7134 236.0
0.7136 248.0
0.7138 250.0
0.714 238.0
0.7142 242.0
0.7144 219.0
0.7146 192.0
0.7148 190.0
0.715 175.0
0.7152 175.0
0.7154 167.0
0.7156 193.0
0.7158 168.0
0.716 150.0
0.7162 175.0
0.7164 158.0
0.7166 167.0
0.7168 136.0
0.717 150.0
0.7172 142.0
0.7174 136.0
0.7176 154.0
0.7178 136.0
0.718 141.0
0.7182 113.0
0.7184 134.0
0.7186 159.0
0.7188 121.0
0.719 120.0
0.7192 162.0
0.7194 117.0
0.7196 139.0
0.7198 145.0
0.72 122.0
0.7202 119.0
0.7204 106.0
0.7206 124.0
0.7208 121.0
0.721 127.0
0.7212 106.0
0.7214 126.0
0.7216 154.0
0.7218 126.0
0.722 117.0
0.7222 102.0
0.7224 133.0
0.7226 102.0
0.7228 112.0
0.723 146.0
0.7232 113.0
0.7234 129.0
0.7236 106.0
0.7238 88.0
0.724 114.0
0.7242 109.0
0.7244 118.0
0.7246 142.0
0.7248 136.0
0.725 116.0
0.7252 102.0
0.7254 112.0
0.7256 102.0
0.7258 133.0
0.726 135.0
0.7262 98.0
0.7264 85.0
0.7266 81.0
0.7268 124.0
0.727 118.0
0.7272 76.0
0.7274 91.0
0.7276 153.0
0.7278 140.0
0.728 105.0
0.7282 83.0
0.7284 82.0
0.7286 107.0
0.7288 108.0
0.729 83.0
0.7292 116.0
0.7294 108.0
0.7296 75.0
0.7298 82.0
0.73 109.0
0.7302 74.0
0.7304 91.0
0.7306 56.0
0.7308 68.0
0.731 92.0
0.7312 81.0
0.7314 80.0
0.7316 78.0
0.7318 78.0
0.732 92.0
0.7322 60.0
0.7324 70.0
0.7326 65.0
0.7328 67.0
0.733 77.0
0.7332 93.0
0.7334 67.0
0.7336 101.0
0.7338 128.0
0.734 148.0
0.7342 133.0
0.7344 123.0
0.7346 149.0
0.7348 230.0
0.735 185.0
0.7352 261.0
0.7354 282.0
0.7356 319.0
0.7358 356.0
0.736 385.0
0.7362 425.0
0.7364 487.0
0.7366 520.0
0.7368 532.0
0.737 546.0
0.7372 565.0
0.7374 586.0
0.7376 593.0
0.7378 594.0
0.738 595.0
0.7382 605.0
0.7384 608.0
0.7386 621.0
0.7388 625.0
0.739 626.0
0.7392 616.0
0.7394 616.0
0.7396 619.0
0.7398 620.0
0.74 621.0
0.7402 631.0
0.7404 628.0
0.7406 628.0
0.7408 634.0
0.741 635.0
0.7412 631.0
0.7414 626.0
0.7416 639.0
0.7418 627.0
0.742 640.0
0.7422 640.0
0.7424 637.0
0.7426 639.0
0.7428 636.0
0.743 634.0
0.7432 640.0
0.7434 637.0
0.7436 639.0
0.7438 633.0
0.744 640.0
0.7442 643.0
0.7444 639.0
0.7446 642.0
0.7448 632.0
0.745 639.0
0.7452 635.0
0.7454 634.0
0.7456 627.0
0.7458 632.0
0.746 634.0
0.7462 626.0
0.7464 618.0
0.7466 601.0
0.7468 606.0
0.747 593.0
0.7472 587.0
0.7474 557.0
0.7476 522.0
0.7478 514.0
0.748 487.0
0.7482 484.0
0.7484 430.0
0.7486 413.0
0.7488 402.0
0.749 372.0
0.7492 347.0
0.7494 314.0
0.7496 337.0
0.7498 305.0
0.75 264.0
0.7502 256.0
0.7504 227.0
0.7506 245.0
0.7508 207.0
0.751 222.0
0.7512 184.0
0.7514 202.0
0.7516 214.0
0.7518 197.0
0.752 166.0
0.7522 213.0
0.7524 169.0
0.7526 152.0
0.7528 153.0
0.753 189.0
0.7532 166.0
0.7534 155.0
0.7536 158.0
0.7538 165.0
0.754 145.0
0.7542 160.0
0.7544 143.0
0.7546 147.0
0.7548 168.0
0.755 135.0
0.7552 141.0
0.7554 135.0
0.7556 140.0
0.7558 146.0
0.756 152.0
0.7562 111.0
0.7564 141.0
0.7566 96.0
0.7568 128.0
0.757 84.0
0.7572 110.0
0.7574 88.0
0.7576 127.0
0.7578 103.0
0.758 135.0
0.7582 115.0
0.7584 144.0
0.7586 107.0
0.7588 147.0
0.759 116.0
0.7592 92.0
0.7594 140.0
0.7596 117.0
0.7598 116.0
0.76 129.0
0.7602 100.0
0.7604 122.0
0.7606 115.0
0.7608 125.0
0.761 101.0
0.7612 92.0
0.7614 117.0
0.7616 107.0
0.7618 103.0
0.762 120.0
0.7622 90.0
0.7624 89.0
0.7626 106.0
0.7628 79.0
0.763 87.0
0.7632 82.0
0.7634 79.0
0.7636 114.0
0.7638 108.0
0.764 111.0
0.7642 100.0
0.7644 122.0
0.7646 94.0
0.7648 76.0
0.765 60.0
0.7652 86.0
0.7654 137.0
0.7656 110.0
0.7658 92.0
0.766 99.0
0.7662 115.0
0.7664 82.0
0.7666 78.0
0.7668 45.0
0.767 107.0
0.7672 113.0
0.7674 84.0
0.7676 69.0
0.7678 99.0
0.768 60.0
0.7682 78.0
0.7684 68.0
0.7686 108.0
0.7688 94.0
0.769 80.0
0.7692 45.0
0.7694 117.0
0.7696 100.0
0.7698 79.0
0.77 100.0
0.7702 91.0
0.7704 126.0
0.7706 118.0
0.7708 110.0
0.771 132.0
0.7712 147.0
0.7714 162.0
0.7716 164.0
0.7718 171.0
0.772 232.0
0.7722 244.0
0.7724 282.0
0.7726 328.0
0.7728 373.0
0.773 436.0
0.7732 432.0
0.7734 482.0
0.7736 528.0
0.7738 545.0
0.774 563.0
0.7742 581.0
0.7744 579.0
0.7746 603.0
0.7748 596.0
0.775 608.0
0.7752 610.0
0.7754 608.0
0.7756 617.0
0.7758 608.0
0.776 621.0
0.7762 611.0
0.7764 630.0
0.7766 632.0
0.7768 632.0
0.777 634.0
0.7772 620.0
0.7774 636.0
0.7776 626.0
0.7778 635.0
0.778 638.0
0.7782 638.0
0.7784 635.0
0.7786 634.0
0.7788 636.0
0.779 638.0
0.7792 629.0
0.7794 632.0
0.7796 629.0
0.7798 639.0
0.78 638.0
0.7802 639.0
0.7804 635.0
0.7806 638.0
0.7808 637.0
0.781 639.0
0.7812 637.0
0.7814 635.0
0.7816 635.0
0.7818 636.0
0.782 641.0
0.7822 637.0
0.7824 637.0
0.7826 638.0
0.7828 624.0
0.783 627.0
0.7832 620.0
0.7834 604.0
0.7836 598.0
0.7838 596.0
0.784 599.0
0.7842 572.0
0.7844 561.0
0.7846 540.0
0.7848 508.0
0.785 486.0
0.7852 440.0
0.7854 404.0
0.7856 400.0
0.7858 370.0
0.786 315.0
0.7862 373.0
0.7864 323.0
0.7866 281.0
0.7868 287.0
0.787 225.0
0.7872 290.0
0.7874 236.0
0.7876 214.0
0.7878 220.0
0.788 226.0
0.7882 217.0
0.7884 216.0
0.7886 235.0
0.7888 186.0
0.789 189.0
0.7892 201.0
0.7894 166.0
0.7896 192.0
0.7898 213.0
0.79 175.0
0.7902 161.0
0.7904 164.0
0.7906 176.0
0.7908 183.0
0.791 159.0
0.7912 151.0
0.7914 160.0
0.7916 134.0
0.7918 143.0
0.792 145.0
0.7922 164.0
0.7924 100.0
0.7926 124.0
0.7928 133.0
0.793 132.0
0.7932 126.0
0.7934 145.0
0.7936 147.0
0.7938 142.0
0.794 100.0
0.7942 122.0
0.7944 149.0
0.7946 122.0
0.7948 142.0
0.795 129.0
0.7952 137.0
0.7954 97.0
0.7956 137.0
0.7958 138.0
0.796 134.0
0.7962 138.0
0.7964 119.0
0.7966 81.0
0.7968 118.0
0.797 114.0
0.7972 99.0
0.7974 120.0
0.7976 109.0
0.7978 104.0
0.798 129.0
0.7982 127.0
0.7984 75.0
0.7986 76.0
0.7988 120.0
0.799 74.0
0.7992 123.0
0.7994 99.0
0.7996 87.0
0.7998 73.0
0.8 119.0
0.8002 53.0
0.8004 86.0
0.8006 75.0
0.8008 82.0
0.801 87.0
0.8012 115.0
0.8014 84.0
0.8016 111.0
0.8018 82.0
0.802 97.0
0.8022 140.0
0.8024 79.0
0.8026 116.0
0.8028 111.0
0.803 66.0
0.8032 76.0
0.8034 97.0
0.8036 78.0
0.8038 103.0
0.804 69.0
0.8042 100.0
0.8044 57.0
0.8046 52.0
0.8048 79.0
0.805 81.0
0.8052 93.0
0.8054 65.0
0.8056 84.0
0.8058 64.0
0.806 74.0
0.8062 88.0
0.8064 89.0
0.8066 62.0
0.8068 104.0
0.807 90.0
0.8072 104.0
0.8074 143.0
0.8076 103.0
0.8078 120.0
0.808 108.0
0.8082 170.0
0.8084 176.0
0.8086 182.0
0.8088 225.0
0.809 261.0
0.8092 287.0
0.8094 327.0
0.8096 336.0
0.8098 410.0
0.81 439.0
0.8102 487.0
0.8104 499.0
0.8106 520.0
0.8108 533.0
0.811 561.0
0.8112 578.0
0.8114 594.0
0.8116 591.0
0.8118 604.0
0.812 602.0
0.8122 616.0
0.8124 615.0
0.8126 614.0
0.8128 624.0
0.813 620.0
0.8132 625.0
0.8134 627.0
0.8136 616.0
0.8138 633.0
0.814 621.0
0.8142 628.0
0.8144 630.0
0.8146 632.0
0.8148 631.0
0.815 638.0
0.8152 632.0
0.8154 633.0
0.8156 636.0
0.8158 629.0
0.816 632.0
0.8162 637.0
0.8164 636.0
0.8166 636.0
0.8168 635.0
0.817 637.0
0.8172 636.0
0.8174 642.0
0.8176 638.0
0.8178 639.0
0.818 636.0
0.8182 637.0
0.8184 637.0
0.8186 637.0
0.8188 636.0
0.819 634.0
0.8192 631.0
0.8194 640.0
0.8196 631.0
0.8198 634.0
0.82 627.0
0.8202 622.0
0.8204 615.0
0.8206 605.0
0.8208 589.0
0.821 586.0
0.8212 578.0
0.8214 555.0
0.8216 519.0
0.8218 514.0
0.822 476.0
0.8222 449.0
0.8224 433.0
0.8226 422.0
0.8228 379.0
0.823 332.0
0.8232 334.0
0.8234 304.0
0.8236 307.0
0.8238 270.0
0.824 293.0
0.8242 278.0
0.8244 247.0
0.8246 240.0
0.8248 245.0
0.825 201.0
0.8252 221.0
0.8254 202.0
0.8256 190.0
0.8258 221.0
0.826 213.0
0.8262 180.0
0.8264 180.0
0.8266 198.0
0.8268 172.0
0.827 170.0
0.8272 189.0
0.8274 170.0
0.8276 159.0
0.8278 195.0
0.828 160.0
0.8282 161.0
0.8284 180.0
0.8286 165.0
0.8288 120.0
0.829 158.0
0.8292 141.0
0.8294 139.0
0.8296 148.0
0.8298 116.0
0.83 154.0
0.8302 154.0
0.8304 127.0
0.8306 132.0
0.8308 132.0
0.831 146.0
0.8312 144.0
0.8314 165.0
0.8316 134.0
0.8318 110.0
0.832 115.0
0.8322 125.0
0.8324 115.0
0.8326 129.0
0.8328 152.0
0.833 141.0
0.8332 111.0
0.8334 111.0
0.8336 93.0
0.8338 75.0
0.834 141.0
0.8342 82.0
0.8344 107.0
0.8346 129.0
0.8348 80.0
0.835 81.0
0.8352 69.0
0.8354 129.0
0.8356 75.0
0.8358 92.0
0.836 105.0
0.8362 92.0
0.8364 85.0
0.8366 106.0
0.8368 77.0
0.837 93.0
0.8372 142.0
0.8374 98.0
0.8376 122.0
0.8378 93.0
0.838 142.0
0.8382 95.0
0.8384 92.0
0.8386 78.0
0.8388 111.0
0.839 68.0
0.8392 57.0
0.8394 64.0
0.8396 65.0
0.8398 22.0
0.84 105.0
0.8402 63.0
0.8404 77.0
0.8406 63.0
0.8408 65.0
0.841 84.0
0.8412 112.0
0.8414 67.0
0.8416 85.0
0.8418 35.0
0.842 77.0
0.8422 102.0
0.8424 95.0
0.8426 67.0
0.8428 74.0
0.843 59.0
0.8432 92.0
0.8434 41.0
0.8436 105.0
0.8438 128.0
0.844 85.0
0.8442 117.0
0.8444 125.0
0.8446 129.0
0.8448 165.0
0.845 163.0
0.8452 171.0
0.8454 212.0
0.8456 233.0
0.8458 261.0
0.846 272.0
0.8462 283.0
0.8464 371.0
0.8466 395.0
0.8468 435.0
0.847 463.0
0.8472 501.0
0.8474 540.0
0.8476 547.0
0.8478 557.0
0.848 564.0
0.8482 582.0
0.8484 609.0
0.8486 610.0
0.8488 603.0
0.849 607.0
0.8492 618.0
0.8494 612.0
0.8496 615.0
0.8498 622.0
0.85 624.0
0.8502 627.0
0.8504 625.0
0.8506 626.0
0.8508 627.0
0.851 628.0
0.8512 630.0
0.8514 631.0
0.8516 633.0
0.8518 631.0
0.852 636.0
0.8522 631.0
0.8524 631.0
0.8526 633.0
0.8528 633.0
0.853 632.0
0.8532 634.0
0.8534 637.0
0.8536 634.0
0.8538 637.0
0.854 637.0
0.8542 635.0
0.8544 636.0
0.8546 636.0
0.8548 637.0
0.855 639.0
0.8552 641.0
0.8554 641.0
0.8556 639.0
0.8558 638.0
0.856 632.0
0.8562 634.0
0.8564 629.0
0.8566 628.0
0.8568 622.0
0.857 617.0
0.8572 615.0
0.8574 600.0
0.8576 596.0
0.8578 584.0
0.858 569.0
0.8582 549.0
0.8584 517.0
0.8586 493.0
0.8588 480.0
0.859 459.0
0.8592 401.0
0.8594 379.0
0.8596 376.0
0.8598 333.0
0.86 320.0
0.8602 315.0
0.8604 287.0
0.8606 240.0
0.8608 274.0
0.861 237.0
0.8612 228.0
0.8614 232.0
0.8616 197.0
0.8618 213.0
0.862 268.0
0.8622 208.0
0.8624 231.0
0.8626 195.0
0.8628 176.0
0.863 221.0
0.8632 134.0
0.8634 178.0
0.8636 167.0
0.8638 178.0
0.864 203.0
0.8642 166.0
0.8644 164.0
0.8646 133.0
0.8648 176.0
0.865 168.0
0.8652 161.0
0.8654 165.0
0.8656 164.0
0.8658 147.0
0.866 164.0
0.8662 137.0
0.8664 124.0
0.8666 158.0
0.8668 122.0
0.867 121.0
0.8672 152.0
0.8674 136.0
0.8676 129.0
0.8678 146.0
0.868 146.0
0.8682 126.0
0.8684 127.0
0.8686 106.0
0.8688 157.0
0.869 117.0
0.8692 126.0
0.8694 118.0
0.8696 160.0
0.8698 144.0
0.87 122.0
0.8702 103.0
0.8704 114.0
0.8706 125.0
0.8708 144.0
0.871 102.0
0.8712 124.0
0.8714 92.0
0.8716 126.0
0.8718 117.0
0.872 108.0
0.8722 74.0
0.8724 114.0
0.8726 126.0
0.8728 87.0
0.873 118.0
0.8732 68.0
0.8734 116.0
0.8736 119.0
0.8738 77.0
0.874 109.0
0.8742 110.0
0.8744 94.0
0.8746 91.0
0.8748 97.0
0.875 75.0
0.8752 71.0
0.8754 78.0
0.8756 90.0
0.8758 103.0
0.876 97.0
0.8762 94.0
0.8764 72.0
0.8766 69.0
0.8768 74.0
0.877 99.0
0.8772 117.0
0.8774 30.0
0.8776 107.0
0.8778 82.0
0.878 64.0
0.8782 69.0
0.8784 78.0
0.8786 58.0
0.8788 82.0
0.879 61.0
0.8792 75.0
0.8794 57.0
0.8796 72.0
0.8798 92.0
0.88 67.0
0.8802 84.0
0.8804 56.0
0.8806 74.0
0.8808 79.0
0.881 72.0
0.8812 117.0
0.8814 111.0
0.8816 137.0
0.8818 145.0
0.882 210.0
0.8822 185.0
0.8824 196.0
0.8826 251.0
0.8828 252.0
0.883 281.0
0.8832 312.0
0.8834 380.0
0.8836 441.0
0.8838 468.0
0.884 498.0
0.8842 540.0
0.8844 543.0
0.8846 556.0
0.8848 575.0
0.885 588.0
0.8852 601.0
0.8854 599.0
0.8856 598.0
0.8858 599.0
0.886 612.0
0.8862 624.0
0.8864 622.0
0.8866 615.0
0.8868 625.0
0.887 624.0
0.8872 624.0
0.8874 631.0
0.8876 631.0
0.8878 626.0
0.888 619.0
0.8882 632.0
0.8884 631.0
0.8886 637.0
0.8888 633.0
0.889 629.0
0.8892 629.0
0.8894 634.0
0.8896 630.0
0.8898 638.0
0.89 637.0
0.8902 634.0
0.8904 636.0
0.8906 641.0
0.8908 637.0
0.891 635.0
0.8912 641.0
0.8914 637.0
0.8916 638.0
0.8918 639.0
0.892 636.0
0.8922 635.0
0.8924 633.0
0.8926 638.0
0.8928 636.0
0.893 633.0
0.8932 636.0
0.8934 630.0
0.8936 620.0
0.8938 619.0
0.894 623.0
0.8942 611.0
0.8944 593.0
0.8946 573.0
0.8948 555.0
0.895 551.0
0.8952 512.0
0.8954 474.0
0.8956 466.0
0.8958 452.0
0.896 405.0
0.8962 372.0
0.8964 363.0
0.8966 333.0
0.8968 312.0
0.897 295.0
0.8972 282.0
0.8974 274.0
0.8976 254.0
0.8978 255.0
0.898 247.0
0.8982 254.0
0.8984 230.0
0.8986 215.0
0.8988 211.0
0.899 204.0
0.8992 161.0
0.8994 160.0
0.8996 176.0
0.8998 158.0
0.9 204.0
0.9002 149.0
0.9004 175.0
0.9006 164.0
0.9008 146.0
0.901 144.0
0.9012 145.0
0.9014 164.0
0.9016 177.0
0.9018 155.0
0.902 153.0
0.9022 168.0
0.9024 156.0
0.9026 128.0
0.9028 114.0
0.903 137.0
0.9032 149.0
0.9034 151.0
0.9036 147.0
0.9038 150.0
0.904 119.0
0.9042 133.0
0.9044 141.0
0.9046 121.0
0.9048 139.0
0.905 99.0
0.9052 119.0
0.9054 120.0
0.9056 141.0
0.9058 121.0
0.906 124.0
0.9062 86.0
0.9064 91.0
0.9066 131.0
0.9068 97.0
0.907 113.0
0.9072 139.0
0.9074 137.0
0.9076 120.0
0.9078 100.0
0.908 130.0
0.9082 131.0
0.9084 86.0
0.9086 148.0
0.9088 99.0
0.909 98.0
0.9092 119.0
0.9094 131.0
0.9096 122.0
0.9098 100.0
0.91 111.0
0.9102 117.0
0.9104 50.0
0.9106 129.0
0.9108 96.0
0.911 65.0
0.9112 83.0
0.9114 96.0
0.9116 81.0
0.9118 85.0
0.912 137.0
0.9122 95.0
0.9124 95.0
0.9126 112.0
0.9128 66.0
0.913 64.0
0.9132 76.0
0.9134 42.0
0.9136 94.0
0.9138 85.0
0.914 67.0
0.9142 59.0
0.9144 44.0
0.9146 59.0
0.9148 113.0
0.915 39.0
0.9152 62.0
0.9154 39.0
0.9156 77.0
0.9158 72.0
0.916 78.0
0.9162 84.0
0.9164 70.0
0.9166 75.0
0.9168 71.0
0.917 76.0
0.9172 73.0
0.9174 75.0
0.9176 66.0
0.9178 97.0
0.918 83.0
0.9182 107.0
0.9184 151.0
0.9186 126.0
0.9188 161.0
0.919 222.0
0.9192 216.0
0.9194 236.0
0.9196 283.0
0.9198 309.0
0.92 349.0
0.9202 405.0
0.9204 439.0
0.9206 483.0
0.9208 494.0
0.921 541.0
0.9212 557.0
0.9214 558.0
0.9216 580.0
0.9218 595.0
0.922 597.0
0.9222 615.0
0.9224 612.0
0.9226 602.0
0.9228 614.0
0.923 616.0
0.9232 618.0
0.9234 630.0
0.9236 625.0
0.9238 626.0
0.924 625.0
0.9242 628.0
0.9244 626.0
0.9246 626.0
0.9248 631.0
0.925 630.0
0.9252 632.0
0.9254 633.0
0.9256 632.0
0.9258 638.0
0.926 636.0
0.9262 634.0
0.9264 635.0
0.9266 637.0
0.9268 633.0
0.927 638.0
0.9272 639.0
0.9274 639.0
0.9276 640.0
0.9278 640.0
0.928 641.0
0.9282 640.0
0.9284 636.0
0.9286 641.0
0.9288 640.0
0.929 634.0
0.9292 637.0
0.9294 640.0
0.9296 639.0
0.9298 638.0
0.93 635.0
0.9302 629.0
0.9304 631.0
0.9306 617.0
0.9308 613.0
0.931 616.0
0.9312 604.0
0.9314 595.0
0.9316 586.0
0.9318 569.0
0.932 561.0
0.9322 532.0
0.9324 508.0
0.9326 483.0
0.9328 410.0
0.933 407.0
0.9332 386.0
0.9334 358.0
0.9336 361.0
0.9338 342.0
0.934 301.0
0.9342 284.0
0.9344 271.0
0.9346 267.0
0.9348 248.0
0.935 247.0
0.9352 236.0
0.9354 216.0
0.9356 233.0
0.9358 199.0
0.936 160.0
0.9362 192.0
0.9364 195.0
0.9366 159.0
0.9368 165.0
0.937 183.0
0.9372 139.0
0.9374 165.0
0.9376 181.0
0.9378 148.0
0.938 179.0
0.9382 160.0
0.9384 135.0
0.9386 169.0
0.9388 166.0
0.939 146.0
0.9392 139.0
0.9394 139.0
0.9396 128.0
0.9398 156.0
0.94 167.0
0.9402 138.0
0.9404 187.0
0.9406 129.0
0.9408 129.0
0.941 108.0
0.9412 149.0
0.9414 73.0
0.9416 115.0
0.9418 116.0
0.942 169.0
0.9422 125.0
0.9424 129.0
0.9426 114.0
0.9428 130.0
0.943 111.0
0.9432 129.0
0.9434 124.0
0.9436 143.0
0.9438 95.0
0.944 85.0
0.9442 146.0
0.9444 78.0
0.9446 98.0
0.9448 134.0
0.945 122.0
0.9452 113.0
0.9454 105.0
0.9456 118.0
0.9458 147.0
0.946 105.0
0.9462 82.0
0.9464 102.0
0.9466 111.0
0.9468 128.0
0.947 136.0
0.9472 119.0
0.9474 122.0
0.9476 116.0
0.9478 99.0
0.948 106.0
0.9482 115.0
0.9484 93.0
0.9486 98.0
0.9488 102.0
0.949 88.0
0.9492 87.0
0.9494 83.0
0.9496 104.0
0.9498 98.0
0.95 94.0
0.9502 72.0
0.9504 59.0
0.9506 88.0
0.9508 112.0
0.951 93.0
0.9512 100.0
0.9514 86.0
0.9516 98.0
0.9518 112.0
0.952 82.0
0.9522 89.0
0.9524 57.0
0.9526 57.0
0.9528 57.0
0.953 71.0
0.9532 63.0
0.9534 61.0
0.9536 98.0
0.9538 76.0
0.954 78.0
0.9542 100.0
0.9544 77.0
0.9546 70.0
0.9548 98.0
0.955 137.0
0.9552 123.0
0.9554 140.0
0.9556 170.0
0.9558 179.0
0.956 172.0
0.9562 174.0
0.9564 248.0
0.9566 304.0
0.9568 322.0
0.957 337.0
0.9572 403.0
0.9574 410.0
0.9576 447.0
0.9578 525.0
0.958 522.0
0.9582 539.0
0.9584 567.0
0.9586 585.0
0.9588 590.0
0.959 608.0
0.9592 607.0
0.9594 606.0
0.9596 612.0
0.9598 608.0
0.96 611.0
0.9602 625.0
0.9604 616.0
0.9606 625.0
0.9608 623.0
0.961 634.0
0.9612 623.0
0.9614 632.0
0.9616 633.0
0.9618 632.0
0.962 629.0
0.9622 631.0
0.9624 637.0
0.9626 635.0
0.9628 638.0
0.963 632.0
0.9632 640.0
0.9634 632.0
0.9636 640.0
0.9638 631.0
0.964 636.0
0.9642 637.0
0.9644 633.0
0.9646 637.0
0.9648 641.0
0.965 630.0
0.9652 633.0
0.9654 639.0
0.9656 634.0
0.9658 641.0
0.966 641.0
0.9662 635.0
0.9664 634.0
0.9666 637.0
0.9668 636.0
0.967 628.0
0.9672 640.0
0.9674 631.0
0.9676 618.0
0.9678 628.0
0.968 616.0
0.9682 579.0
0.9684 591.0
0.9686 582.0
0.9688 564.0
0.969 533.0
0.9692 496.0
0.9694 466.0
0.9696 431.0
0.9698 432.0
0.97 408.0
0.9702 393.0
0.9704 357.0
0.9706 351.0
0.9708 305.0
0.971 290.0
0.9712 264.0
0.9714 286.0
0.9716 247.0
0.9718 222.0
0.972 266.0
0.9722 260.0
0.9724 203.0
0.9726 185.0
0.9728 212.0
0.973 221.0
0.9732 202.0
0.9734 171.0
0.9736 214.0
0.9738 177.0
0.974 174.0
0.9742 165.0
0.9744 177.0
0.9746 148.0
0.9748 146.0
0.975 131.0
0.9752 141.0
0.9754 125.0
0.9756 160.0
0.9758 108.0
0.976 127.0
0.9762 122.0
0.9764 160.0
0.9766 139.0
0.9768 144.0
0.977 93.0
0.9772 129.0
0.9774 114.0
0.9776 121.0
0.9778 105.0
0.978 139.0
0.9782 107.0
0.9784 149.0
0.9786 140.0
0.9788 159.0
0.979 111.0
0.9792 118.0
0.9794 140.0
0.9796 101.0
0.9798 101.0
