0.500000
0.243071
0.567283
0.650489
0.407694
0.632955
0.430706
0.138551
0.489257
0.122568
0.694307
0.832233
0.130761
0.534107
0.113776
0.651812
0.521956
0.604970
0.477334
0.080688
0.148880
0.214017
0.174026
0.891150
0.058941
0.306067
0.370419
0.685578
0.507824
0.936515
0.780077
0.549944
0.347617
0.607944
0.760172
0.866497
0.265515
0.820595
0.219633
0.082501
0.732494
0.508593
0.573181
0.981897
0.271314
0.783774
0.725648
0.756785
0.403237
0.159020
0.820934
0.925566
0.382826
0.172949
0.239998
0.894656
0.580212
0.087856
0.082240
0.710617
0.120190
0.082763
0.114657
0.299602
0.137532
0.113468
0.923153
0.240972
0.757879
0.361457
0.750365
0.871973
0.663604
0.943562
0.254392
0.270343
0.853997
0.304233
0.172799
0.411718
0.959177
0.462301
0.626264
0.548722
0.217075
0.034114
0.546250
0.608614
0.972888
0.704907
0.461083
0.156360
0.310367
0.570300
0.624789
0.220009
0.174310
0.519774
0.223096
0.025254
0.093649
0.584031
0.140944
0.436046
0.364495
0.918078
0.525904
0.648132
0.302516
0.841946
0.131867
0.432406
0.924028
0.110884
0.177381
0.974935
0.165176
0.336939
0.203010
0.110539
0.498567
0.233757
0.162098
0.496804
0.556748
0.106522
0.729296
0.025397
0.121891
0.758870
0.561246
0.517562
0.591062
0.738683
0.993787
0.500671
0.776453
0.594616
0.410055
0.612701
0.649952
0.565246
0.263862
0.931522
0.391419
0.872714
0.492718
0.275862
0.850054
0.542728
0.804884
0.274821
0.278219
0.422820
0.074813
0.752825
0.947103
0.820703
0.831375
0.726877
0.003593
0.934638
0.573223
0.062989
0.677731
0.997655
0.395686
0.588675
0.700137
0.807526
0.163559
0.208360
0.538762
0.064344
0.214169
0.318611
0.814353
0.687608
0.325084
0.570031
0.004009
0.034661
0.430850
0.772723
0.292192
0.692383
0.323129
0.492170
0.178575
0.263990
0.318600
0.632430
0.202103
0.322833
0.629022
0.053503
0.890642
0.455063
0.917808
0.019761
0.795580
0.063033
0.277506
0.026298
0.220775
0.351325
0.612550
0.300093
0.005207
0.667262
0.161659
0.022850
0.468717
0.117791
0.644264
0.072386
0.380208
0.134610
0.265322
0.829465
0.557682
0.409405
0.562920
0.346915
0.459489
0.371088
0.833014
0.927946
0.876158
0.126897
0.615695
0.910505
0.582192
0.539239
0.477358
0.204574
0.557199
0.860149
0.073139
0.879265
0.135735
0.095245
0.224003
0.846596
0.195226
0.019047
0.492854
0.438825
0.241362
0.513539
0.494044
0.426207
0.000318
0.651846
0.920658
0.772066
0.877191
0.698910
0.023943
0.172036
0.390016
0.951025
0.029264
0.174360
0.438757
0.086119
0.722956
0.428126
0.018615
0.446650
0.194449
0.356298
0.737064
0.427002
0.468048
0.300427
0.243961
0.887232
0.508725
0.933928
0.434127
0.265082
0.836320
0.490772
0.031752
0.808085
0.732511
0.106492
0.916023
0.097681
0.774930
0.318365
0.297329
0.787187
0.182807
0.521653
0.603434
0.225523
0.208512
0.928766
0.684978
0.388540
0.559364
0.328237
0.699697
0.289851
0.584101
0.690373
0.784723
0.793026
0.708357
0.416461
0.376350
0.497029
0.353553
0.778408
0.786627
0.116770
0.323554
0.845675
0.396177
0.530657
0.393470
0.946402
0.572584
0.417000
0.584992
0.459586
0.173757
0.151178
0.362616
0.485179
0.245619
0.385402
0.735146
0.689003
0.273512
0.482987
0.996845
0.369337
0.096686
0.728981
0.592604
0.542064
0.345251
0.989041
0.341519
0.591239
0.008962
0.238424
0.003233
0.781973
0.497217
0.132970
0.921432
0.682490
0.299643
0.543955
0.228859
0.292236
0.106636
0.728683
0.848231
0.422927
0.999246
0.558696
0.273430
0.629392
0.067763
0.977479
0.865337
0.737102
0.568400
0.609527
0.146695
0.763250
0.477428
0.192658
0.330369
0.778264
0.052149
0.255443
0.065374
0.004621
0.758085
0.211627
0.135063
0.199846
0.671743
0.793418
0.591826
0.120556
0.218355
0.495514
0.562697
0.614447
0.853937
0.451758
0.710226
0.637076
0.051077
0.916272
0.083011
0.240322
0.697790
0.270967
0.840236
0.329410
0.768853
0.231292
0.084629
0.735357
0.878959
0.672100
0.788173
0.899727
0.077095
0.245511
0.544981
0.218562
0.991497
0.712630
0.635685
0.842372
0.184572
0.661022
0.637727
0.479051
0.327151
0.029798
0.565922
0.496600
0.551456
0.614185
0.277673
0.372527
0.092156
0.471480
0.627205
0.286808
0.074872
0.900231
0.603201
0.405267
0.061534
0.414543
0.434204
0.150274
0.711939
0.885377
0.396183
0.505607
0.670892
0.770707
0.806603
0.152387
0.540322
0.106433
0.439410
0.982924
0.545717
0.679900
0.345276
0.289384
0.256280
0.557912
0.811507
0.674123
0.468171
0.891119
0.945958
0.478584
0.110206
0.666638
0.119361
0.277619
0.781393
0.830795
0.250416
0.736120
0.279680
0.953858
0.668038
0.874824
0.231291
0.358641
0.035122
0.542177
0.680015
0.384847
0.568210
0.639129
0.245842
0.211024
0.537426
0.393725
0.212300
0.406023
0.781070
0.732390
0.651887
0.131815
0.719223
0.544752
0.448953
0.669552
0.100760
0.388911
0.829429
0.690751
0.468131
0.933999
0.756761
0.445460
0.074292
0.186930
0.303430
0.789298
0.736159
0.300196
0.857434
0.721239
0.858965
0.507601
0.773107
0.854006
0.615881
0.484794
0.825646
0.988962
0.017294
0.181483
0.578728
0.717369
0.354105
0.922203
0.524584
0.719886
0.249426
0.322517
0.605912
0.186186
0.303048
0.317520
0.478997
0.526565
0.063064
0.349518
0.627423
0.297419
0.809007
0.511770
0.185739
0.012461
0.380891
0.195153
0.082467
0.261555
0.038528
0.534637
0.861819
0.309048
0.085488
0.702432
0.293493
0.093461
0.742084
0.844700
0.629946
0.300427
0.501758
0.208686
0.120484
0.930746
0.955240
0.757165
0.141577
0.535431
0.816850
0.317055
0.052755
0.039621
0.637331
0.059101
0.637463
0.827237
0.437575
0.855471
0.738255
0.508257
0.247627
0.812174
0.445697
0.540476
0.285333
0.023144
0.950358
0.627645
0.259014
0.342884
0.917260
0.565839
0.028535
0.724543
0.992164
0.959954
0.609156
0.420293
0.799067
0.982189
0.252520
0.090885
0.538290
0.094394
0.089174
0.621266
0.044517
0.406169
0.566981
0.189117
0.914176
0.090571
0.669815
0.883202
0.061535
0.029315
0.650889
0.918397
0.812873
0.609348
0.765124
0.244269
0.398124
0.342659
0.234906
0.094086
0.449345
0.731208
0.433617
0.771138
0.865408
0.548845
0.021318
0.719226
0.152265
0.462105
0.516952
0.674218
0.098183
0.661732
0.541449
0.443526
0.393311
0.926832
0.716101
0.610391
0.552958
0.293509
0.950586
0.209848
0.253962
0.249876
0.605019
0.173244
0.943508
0.129302
0.760399
0.088190
0.329797
0.123779
0.581824
0.570807
0.113915
0.089282
0.508866
0.297169
0.072292
0.064994
0.757459
0.490784
0.349122
0.178276
0.367692
0.413011
0.568116
0.357250
0.781871
0.153287
0.122971
0.022878
0.687233
0.766026
0.755924
0.682407
0.607679
0.551075
0.283760
0.096055
0.478914
0.024602
0.080663
0.438816
0.191349
0.877285
0.677279
0.629256
0.835158
0.966684
0.585359
0.747179
0.131861
0.140665
0.207367
0.212028
0.286799
0.438757
0.440422
0.143911
0.246887
0.968311
0.333952
0.079116
0.098012
0.502337
0.910436
0.961994
0.086458
0.595902
0.008601
0.085080
0.498729
0.767948
0.758461
0.399340
0.384140
0.045430
0.047565
0.366400
0.854564
0.916612
0.087828
0.274650
0.445700
0.490439
0.942328
0.691087
0.774234
0.408828
0.621435
0.470774
0.475284
0.808759
0.107653
0.495793
0.154481
0.381062
0.418546
0.065566
0.839086
0.322737
0.567127
0.610417
0.162494
0.729727
0.029085
0.150250
0.266520
0.726974
0.076213
0.670220
0.155829
0.382671
0.085436
0.335274
0.988892
0.203559
0.682789
0.215430
0.539836
0.758158
0.331737
0.943673
0.815572
0.724803
0.725202
0.478352
0.562573
0.411354
0.090679
0.891927
0.147667
0.543473
0.267812
0.857978
0.047236
0.868312
0.167803
0.258317
0.929188
0.870527
0.974039
0.082098
0.062075
0.647455
0.193295
0.538792
0.535731
0.740351
0.416908
0.056906
0.527818
0.468560
0.401283
0.590320
0.600638
0.063486
0.827102
0.404113
0.762595
0.649246
0.846636
0.261755
0.778680
0.866872
0.278501
0.685551
0.964356
0.688953
0.059259
0.712190
0.447217
0.721572
0.311233
0.315291
0.630794
0.040430
0.135893
0.416819
0.344882
0.358017
0.992221
0.159242
0.916770
0.068720
0.269404
0.860299
0.147743
0.468732
0.413231
0.822270
0.929230
0.197641
0.715590
0.917605
0.982980
0.698574
0.626415
0.622800
0.959630
0.243773
0.197472
0.922390
0.880056
0.822468
0.017360
0.254930
0.653859
0.937940
0.747091
0.422848
0.159388
0.110635
0.115637
0.138038
0.119655
0.634200
0.984807
0.625070
0.758521
0.881335
0.842843
0.453893
0.971535
0.206321
0.836093
0.523904
0.495796
0.241096
0.198152
0.871262
0.313211
0.131771
0.685835
0.721315
0.271527
0.012446
0.381362
0.958023
0.657513
0.763203
0.970129
0.932244
0.206666
0.849157
0.353439
0.280770
0.783813
0.787436
0.205572
0.177968
0.718984
0.538967
0.834564
0.191926
0.532944
0.871940
0.456068
0.666957
0.536734
0.493825
0.739684
0.304351
0.539624
0.498822
0.237117
0.363238
0.649828
0.427617
0.051554
0.653451
0.902377
0.986311
0.857617
0.242249
0.198508
0.221409
0.131286
0.546788
0.790956
0.697739
0.199156
0.234203
0.299517
0.976173
0.466398
0.101188
0.991263
0.438029
0.932816
0.854943
0.809772
0.253026
0.856356
0.467355
0.387770
0.037675
0.173461
0.524306
0.027534
0.500964
0.035625
0.741971
0.383447
0.124232
0.571542
0.571979
0.331081
0.672095
0.734214
0.567318
0.257175
0.081297
0.842390
0.930859
0.754882
0.024375
0.175723
0.418375
0.458675
0.194993
0.733010
0.517915
0.503265
0.111840
0.012891
0.577436
0.840927
0.987953
0.426386
0.302541
0.401591
0.962344
0.700642
0.796216
0.830091
0.740809
0.383268
0.062425
0.284927
0.442791
0.306630
0.645460
0.532932
0.201171
0.621479
0.826898
0.324214
0.811867
0.759292
0.552054
0.781738
0.480112
0.432702
0.007801
0.289943
0.460281
0.533385
0.523633
0.116745
0.136156
0.536785
0.217842
0.753324
0.838492
0.773044
0.560691
0.706056
0.446760
0.673532
0.776453
0.224962
0.571949
0.852320
0.756190
0.203067
0.867296
0.632005
0.903153
0.231023
0.763822
0.373232
0.082670
0.541385
0.677542
0.717316
0.598406
0.326909
0.485238
0.601311
0.866859
0.667250
0.815658
0.654927
0.211979
0.048431
0.453015
0.338648
0.951779
0.209462
0.899676
0.932446
0.698804
0.800480
0.894896
0.234443
0.546359
0.086794
0.436486
0.578923
0.562335
0.683196
0.602285
0.533047
0.762544
0.052923
0.218312
0.381651
0.485408
0.255644
0.170476
0.259514
0.839902
0.178845
0.906707
0.540455
0.648602
0.236985
0.426397
0.842644
0.057736
0.272802
0.804027
0.759496
0.736095
0.145146
0.043836
0.175532
0.334692
0.237701
0.812426
0.776566
0.629029
0.872992
0.346176
0.113614
0.515868
0.366034
0.580329
0.329883
0.786361
0.202002
0.296636
0.410216
0.347425
0.572305
0.836428
0.562388
0.313232
0.253434
0.675997
0.089596
0.138694
0.562949
0.911155
0.863546
0.716817
0.877003
0.447844
0.257497
0.111789
0.943752
0.445677
0.148638
0.349694
0.977049
0.311292
0.349187
0.438713
0.264777
0.288373
0.575560
0.540694
0.776212
0.441230
0.815015
0.965966
0.002783
0.578819
0.699120
0.413266
0.016601
0.416048
0.243447
0.626661
0.481147
0.019278
0.062833
0.391337
0.098468
0.332872
0.921622
0.540128
0.727287
0.333677
0.228222
0.392666
0.156377
0.110304
0.833394
0.799022
0.267584
0.914098
0.241609
0.709710
0.072880
0.978650
0.094881
0.943939
0.859803
0.654755
0.538419
0.577978
0.429685
0.157658
0.827510
0.125518
0.163015
0.973488
0.284969
0.431894
0.396332
0.721749
0.468566
0.954057
0.345018
0.020737
0.157772
0.848155
0.556360
0.652758
0.519236
0.036615
0.627263
0.076035
0.560329
0.176588
0.670983
0.080160
0.730161
0.201631
0.767268
0.131985
0.277429
0.858515
0.380259
0.708810
0.724476
0.411022
0.478549
0.665753
0.566942
0.432606
0.841764
0.434177
0.058363
0.359802
0.788036
0.598043
0.689121
0.228245
0.306761
0.145074
0.719093
0.763187
0.330995
0.439589
0.873395
0.746382
0.633878
0.713899
0.060578
0.331205
0.583454
0.625133
0.722667
0.727898
0.740271
0.174364
0.176412
0.430804
0.032120
0.034916
0.055113
0.909464
0.990304
0.086731
0.710423
0.435465
0.281803
0.703657
0.183473
0.466896
0.521715
0.090549
0.104717
0.762307
0.100340
0.717040
0.631856
0.146020
0.509293
0.644882
0.285227
0.596700
0.401013
0.295698
0.290029
0.081027
0.366044
0.956052
0.784756
0.304372
0.162472
0.066695
0.005220
0.300334
0.881870
0.092865
0.303529
0.531020
0.286159
0.522516
0.611411
0.919945
0.299733
0.289352
0.707236
0.989418
0.391229
0.667545
0.396137
0.024307
0.329333
0.434999
0.462581
0.934028
0.546970
0.852053
0.004782
0.234672
0.098277
0.752483
0.510326
0.323107
0.942725
0.793683
0.782375
0.964957
0.040754
0.662906
0.575842
0.668319
0.495318
0.786431
0.552890
0.365099
0.723699
0.838531
0.917154
0.571841
0.393970
0.097133
0.836038
0.951920
0.610477
0.443014
0.510486
0.950978
0.582727
0.549449
0.501570
0.927482
0.762043
0.559140
0.673310
0.950266
0.180375
0.295347
0.861066
0.184949
0.475622
0.804056
0.124895
0.541086
0.837868
0.774088
0.197241
0.001945
0.860876
0.132006
0.484347
0.808770
0.033246
0.858708
0.730735
0.421414
0.353580
0.824568
0.206163
0.927213
0.304060
0.190008
0.024411
0.319979
0.166790
0.668382
0.953275
0.820982
0.417291
0.698030
0.825155
0.163802
0.679517
0.320391
0.407596
0.514923
0.476773
0.311049
0.343171
0.451942
0.762899
0.860573
0.518069
0.171274
0.968114
0.852053
0.968776
0.847217
0.043872
0.532174
0.186210
0.814271
0.741122
0.122730
0.426699
0.994560
0.106341
0.669442
0.389161
0.742260
0.929719
0.174950
0.367879
0.026882
0.629856
0.812865
0.740232
0.627305
0.809372
0.769750
0.398760
0.758426
0.465779
0.011903
0.486948
0.302297
0.592007
0.023821
0.548086
0.565634
0.650956
0.315222
0.946598
0.235565
0.158437
0.243489
0.171203
0.955499
0.358895
0.448428
0.379284
0.692983
0.728279
0.946199
0.291851
0.821429
0.788431
0.679304
0.298460
0.587583
0.467379
0.069504
0.381464
0.386606
0.989900
0.870542
0.218986
0.016659
0.032733
0.367544
0.575966
0.834842
0.628813
0.719977
0.842675
0.486383
0.054908
0.995034
0.330066
0.628942
0.687025
0.188324
0.681333
0.823908
0.557966
0.278746
0.509057
0.516561
0.101409
0.114410
0.117314
0.776981
0.316883
0.676496
0.918115
0.223567
0.340025
0.017910
0.901563
0.301054
0.152474
0.923626
0.269090
0.834895
0.915797
0.089579
0.089160
0.533887
0.163811
0.366989
0.584806
0.862911
0.837679
0.368988
0.412375
0.457665
0.898150
0.486433
0.040861
0.003269
0.999331
0.109761
0.091205
0.248602
0.458348
0.603788
0.244919
0.578270
0.505289
0.332304
0.081429
0.314051
0.547787
0.779348
0.953507
0.667723
0.934637
0.564042
0.760152
0.017118
0.452797
0.895852
0.226318
0.927305
0.542180
0.767155
0.048849
0.088763
0.962576
0.929978
0.017999
0.094418
0.397115
0.453809
0.973916
0.727420
0.226612
0.411317
0.207456
0.181548
0.459202
0.988894
0.664715
0.386096
0.549606
0.068864
0.064644
0.357129
0.592438
0.080256
0.789122
0.246986
0.123893
0.664999
0.154869
0.513896
0.516227
0.456431
0.426571
0.383584
0.699365
0.016974
0.680584
0.524749
0.694052
0.731880
0.378606
0.610286
0.190890
0.205894
0.260682
0.186113
0.159650
0.459727
0.916922
0.019506
0.223238
0.973206
0.147299
0.848791
0.280679
0.371985
0.968916
0.206281
0.613500
0.304678
0.880104
0.736331
0.459892
0.807300
0.740732
0.180383
0.791011
0.201888
0.378103
0.950880
0.773811
0.326178
0.777809
0.965925
0.154770
0.641206
0.468930
0.166548
0.548895
0.513723
0.462928
0.888476
0.368366
0.720278
0.855647
0.010263
0.875215
0.969870
0.951756
0.549665
0.592395
0.992013
0.521041
0.130132
0.057624
0.487121
0.545897
0.489292
0.654384
0.986064
0.569418
0.951302
0.004432
0.415779
0.503436
0.534939
0.156216
0.917814
0.505904
0.119315
0.553571
0.216678
0.286987
0.839077
0.519047
0.584862
0.953238
0.630975
0.736275
0.201425
0.249239
0.603677
0.965728
0.451003
0.806073
0.652698
0.978247
0.460128
0.756006
0.492319
0.440731
0.917719
0.822767
0.026379
0.238332
0.976634
0.746769
0.729802
0.467568
0.783155
0.654686
0.462748
0.084690
0.931263
0.732726
0.889251
0.943713
0.888611
0.312998
0.422229
0.708464
0.191039
0.232337
0.366730
0.873026
0.952522
0.072969
0.683300
0.874958
0.987428
0.644376
0.543346
0.035670
0.591945
0.815761
0.598355
0.812305
0.781573
0.558468
0.634866
0.595538
0.531540
0.807732
0.037057
0.037637
0.317024
0.503148
0.228819
0.645173
0.000057
0.917225
0.017205
0.120762
0.859977
0.131397
0.509111
0.688190
0.314320
0.268872
0.023087
0.385332
0.627005
0.843695
0.168129
0.059197
0.650711
0.335390
0.011344
0.547516
0.400296
0.848568
0.006355
0.281216
0.004155
0.466873
0.104327
0.292173
0.330382
0.660631
0.219475
0.360610
0.334604
0.857594
0.970955
0.786522
0.926379
0.036139
0.372984
0.019498
0.901019
0.950302
0.895080
0.131315
0.233718
0.346030
0.064300
0.865682
0.782860
0.278013
0.531338
0.749508
0.199381
0.386477
0.272371
0.500066
0.589063
0.743314
0.348517
0.712434
0.224633
0.626928
0.394788
0.561580
0.354533
0.335156
0.760410
0.003474
0.905260
0.895660
0.972387
0.709599
0.624120
0.283151
0.944177
0.719231
0.959300
0.502822
0.101365
0.543870
0.724108
0.649370
0.346204
0.208197
0.342279
0.800979
0.532890
0.461926
0.221200
0.357638
0.875464
0.146930
0.549947
0.183167
0.460202
0.454016
0.568999
0.660335
0.784372
0.553724
0.108508
0.518433
0.993233
0.835522
0.941996
0.042688
0.237150
0.739779
0.252358
0.024884
0.320708
0.916881
0.257050
0.564571
0.565682
0.197876
0.789319
0.580234
0.559760
0.611011
0.382377
0.639800
0.212876
0.428548
0.153371
0.469852
0.293037
0.978226
0.534033
0.252931
0.363520
0.703749
0.644889
0.572304
0.793310
0.708666
0.859896
0.613558
0.262647
0.768031
0.858378
0.982409
0.935584
0.542211
0.211152
0.248105
0.221389
0.477212
0.297702
0.071777
0.796709
0.625909
0.101281
0.529131
0.310339
0.374547
0.178825
0.986859
0.942487
0.808893
0.852539
0.642119
0.740409
0.204405
0.420043
0.584495
0.402281
0.874808
0.929944
0.989777
0.931191
0.363437
0.819716
0.804962
0.331125
0.711729
0.462758
0.033834
0.266816
0.289246
0.421505
0.482515
0.359337
0.419584
0.953474
0.574338
0.539313
0.786564
0.067106
0.593441
0.629622
0.355074
0.174299
0.466449
0.079466
0.290922
0.136484
0.941602
0.521684
0.114101
0.251140
0.774741
0.575179
0.069818
0.475607
0.281482
0.064339
0.451681
0.935085
0.364995
0.577329
0.361396
0.511681
0.878734
0.035119
0.139375
0.061391
0.933500
0.693132
0.450610
0.555884
0.508228
0.747385
0.760202
0.195967
0.473844
0.466996
0.682903
0.293601
0.889597
0.524933
0.441069
0.469356
0.181216
0.948883
0.415375
0.462158
0.560285
0.864107
0.522687
0.598226
0.794201
0.950170
0.905453
0.716056
0.186092
0.283407
0.166995
0.094345
0.374075
0.987007
0.137070
0.679705
0.309221
0.860596
0.902084
0.661073
0.521606
0.911176
0.584329
0.187660
0.533827
0.457315
0.104615
0.777344
0.031348
0.228450
0.912679
0.712354
0.149062
0.631186
0.419741
0.469148
0.983438
0.104454
0.617586
0.979333
0.189624
0.235424
0.118535
0.268521
0.272893
0.058023
0.600705
0.769990
0.933799
0.705950
0.392903
0.360023
0.576409
0.342062
0.683553
0.911800
0.839013
0.035994
0.588014
0.914725
0.756654
0.011904
0.058678
0.456053
0.914879
0.438207
0.372215
0.611696
0.704069
0.681173
0.678334
0.043089
0.533738
0.694273
0.844457
0.346982
0.616161
0.965139
0.580651
0.455035
0.678714
0.192016
0.579217
0.130097
0.714303
0.611581
0.153306
0.356035
0.629252
0.650007
0.608919
0.168000
0.398029
0.319142
0.334697
0.219987
0.084175
0.529678
0.343852
0.136585
0.836831
0.243193
0.752617
0.445776
0.722220
0.134929
0.429601
0.639665
0.999459
0.189191
0.800418
0.660011
0.200094
0.399238
0.541959
0.855450
0.120712
0.493537
0.650691
0.207256
0.588016
0.360268
0.119355
0.370542
0.605740
0.591935
0.206434
0.827766
0.242766
0.321980
0.032774
0.201410
0.371837
0.275255
0.989725
0.522722
0.118228
0.704242
0.193180
0.003379
0.627744
0.632889
0.967892
0.606964
0.513443
0.579935
0.096435
0.467113
0.090437
0.683609
0.317188
0.949227
0.258152
0.899564
0.305724
0.902601
0.639431
0.693933
0.123961
0.399873
0.335842
0.403371
0.871475
0.010638
0.408574
0.183976
0.023325
0.406128
0.944296
0.220938
0.688783
0.841813
0.315346
0.620816
0.775334
0.814814
0.993638
0.158302
0.792328
0.942991
0.027651
0.799351
0.778652
0.862587
0.041880
0.672560
0.588802
0.691300
0.368121
0.910656
0.521727
0.353666
0.667969
0.533982
0.026826
0.815611
0.155905
0.297846
0.971460
0.025071
0.282334
0.175618
0.704374
0.105527
0.485972
0.899435
0.899380
0.099358
0.374933
0.730408
0.913697
0.307864
0.445906
0.380191
0.145313
0.024851
0.200798
0.755792
0.623741
0.210639
0.270203
0.949503
0.818555
0.403378
0.903088
0.645819
0.400071
0.914548
0.932065
0.867232
0.436547
0.105504
0.073626
0.730756
0.262292
0.291959
0.172703
0.637078
0.001040
0.573266
0.750954
0.064198
0.478973
0.633388
0.968126
0.887433
0.011774
0.310410
0.855878
0.897675
0.300067
0.481491
0.433446
0.939746
0.417644
0.560119
0.064513
0.842766
0.626830
0.652541
0.164669
0.064376
0.505377
0.170254
0.118830
0.720705
0.619251
0.445418
0.017994
0.423957
0.725700
0.646085
0.574706
0.099490
0.240965
0.038092
0.326610
0.704257
0.457015
0.390526
0.987466
0.518495
0.741681
0.071605
0.554993
0.432532
0.706566
0.131870
0.534935
0.400578
0.077100
0.421558
0.390703
0.983392
0.749118
0.539022
0.077982
0.651688
0.266340
0.157094
0.273677
0.272156
0.703122
0.024235
0.658565
0.947979
0.686855
0.687383
0.363034
0.135714
0.044391
0.733341
0.435284
0.710417
0.306860
0.095606
0.941364
0.400884
0.057270
0.723492
0.056420
0.766887
0.855249
0.660442
0.256529
0.640273
0.223311
0.328387
0.470490
0.701808
0.929022
0.565045
0.800958
0.615636
0.547439
0.711012
0.174286
0.893235
0.038200
0.793539
0.028447
0.408735
0.821630
0.603869
0.898428
0.237478
0.588255
0.214993
0.508451
0.239700
0.826080
0.236717
0.730408
0.561201
0.800024
0.854910
0.517884
0.972885
0.467874
0.451801
0.675138
0.721038
0.567136
0.354210
0.070418
0.310231
0.857165
0.006587
0.652995
0.390702
0.250934
0.615717
0.383274
0.672123
0.320839
0.064000
0.935370
0.535591
0.412892
0.638139
0.781523
0.765751
0.353692
0.870154
0.017715
0.574901
0.484543
0.537555
0.039882
0.840968
0.507098
0.619589
0.930086
0.231231
0.374897
0.756400
0.162013
0.633651
0.215183
0.508006
0.985196
0.067699
0.015363
0.459947
0.597314
0.996556
0.558496
0.972497
0.963957
0.712545
0.842174
0.120294
0.895223
0.217686
0.965181
0.119285
0.738530
0.771243
0.216303
0.287846
0.797010
0.026140
0.849651
0.338955
0.332868
0.426112
0.780893
0.550301
0.765074
0.285481
0.188755
0.109189
0.420767
0.723421
0.756171
0.679134
0.949744
0.374589
0.035455
0.985001
0.261411
0.548003
0.171875
0.963581
0.593571
0.256026
0.969995
0.776470
0.072419
0.285361
0.037173
0.732124
0.873129
0.231891
0.488574
0.913976
0.840393
0.171281
0.448088
0.061475
0.178307
0.387181
0.329517
0.000934
0.568960
0.328936
0.632415
0.673059
0.829112
0.720650
0.736947
0.554027
0.964328
0.493501
0.932148
0.017000
0.229960
0.963170
0.661958
0.930942
0.558324
0.424260
0.723399
0.543608
0.461477
0.083588
0.901285
0.445604
0.268945
0.004213
0.273821
0.162358
0.309793
0.482086
0.173479
0.670910
0.398404
0.027189
0.537528
0.888375
0.733343
0.871043
0.132575
0.928963
0.068680
0.672455
0.887519
0.676425
0.767157
0.843389
0.319266
0.968809
0.094558
0.666823
0.785600
0.442391
0.864666
0.128471
0.049575
0.831666
0.294183
0.134260
0.389805
0.272261
0.676989
0.535407
0.241027
0.903663
0.237102
0.133000
0.099316
0.818615
0.269737
0.583946
0.176319
0.156076
0.429813
0.880152
0.036889
0.884605
0.777308
0.822832
0.204494
0.573054
0.938813
0.663805
0.468772
0.195439
0.494683
0.835658
0.379612
0.766864
0.451142
0.442647
0.162130
0.357373
0.406724
0.934227
0.036922
0.780616
0.772431
0.133063
0.679964
0.004183
0.154969
0.539413
0.306534
0.078503
0.762450
0.583754
0.613535
0.131163
0.441930
0.249520
0.564590
0.723537
0.708154
0.237840
0.752285
0.616597
0.872892
0.596138
0.821938
0.742775
0.134231
0.482474
0.191260
0.930753
0.235206
0.487507
0.050300
0.680062
0.051144
0.685947
0.376028
0.032360
0.215088
0.339374
0.445949
0.336261
0.640687
0.922300
0.085108
0.452599
0.551917
0.893351
0.630877
0.696990
0.379022
0.383434
0.349884
0.566581
0.630029
0.722779
0.791468
0.047851
0.597233
0.478718
0.312033
0.052338
0.508015
0.426082
0.754671
0.277173
0.479370
0.622096
0.018442
0.537300
0.385521
0.507631
0.001669
0.366239
0.497995
0.706704
0.153634
0.432286
0.507538
0.946098
0.619053
0.067021
0.287231
0.266969
0.709689
0.952985
0.506206
0.450322
0.187497
0.767421
0.953309
0.328228
0.593663
0.328940
0.180108
0.402662
0.607921
0.543996
0.822611
0.943831
0.172512
0.200034
0.711065
0.489863
0.865172
0.402200
0.627222
0.419752
0.755515
0.200475
0.318435
0.021408
0.729192
0.704115
0.127973
0.226701
0.014195
0.730276
0.350911
0.935382
0.393689
0.783685
0.174992
0.599730
0.339739
0.914246
0.815815
0.491832
0.052310
0.749451
0.205745
0.825344
0.137922
0.748468
0.345896
0.653624
0.412314
0.474786
0.180588
0.216109
0.061528
0.434288
0.603629
0.154803
0.145742
0.775630
0.955813
0.772763
0.180273
0.899797
0.123007
0.256451
0.278088
0.775721
0.094191
0.533826
0.088225
0.508816
0.588843
0.190052
0.514476
0.459333
0.113025
0.612706
0.948728
0.957381
0.553565
0.288343
0.503325
0.411510
0.169691
0.922312
0.476822
0.357725
0.591511
0.803681
0.037525
0.745798
0.184690
0.587161
0.859166
0.509766
0.890729
0.413896
0.193111
0.219481
0.402191
0.042990
0.611460
0.360088
0.282272
0.415656
0.405427
0.536315
0.388079
0.823860
0.373364
0.648429
0.706995
0.605324
0.482807
0.836763
0.465503
0.036774
0.640926
0.741660
0.119851
0.847314
0.557741
0.375729
0.587922
0.523777
0.436497
0.655275
0.831691
0.329957
0.975549
0.387792
0.649651
0.711573
0.916157
0.262373
0.288559
0.508856
0.120551
0.139941
0.233910
0.148627
0.914638
0.690142
0.288486
0.737744
0.179742
0.171808
0.798369
0.729784
0.427740
0.903842
0.635792
0.586850
0.843963
0.723405
0.298197
0.608369
0.032259
0.478293
0.232881
0.848751
0.946569
0.350356
0.246605
0.795800
0.243407
0.556858
0.609534
0.231734
0.039607
0.726632
0.212896
0.448701
0.809731
0.997925
0.889714
0.740659
0.907484
0.634786
0.758013
0.843504
0.945540
0.708895
0.195854
0.745312
0.018138
0.143686
0.807582
0.038566
0.500823
0.167662
0.490659
0.736268
0.911714
0.973752
0.462461
0.223773
0.068671
0.131604
0.856405
0.768253
0.526732
0.049686
0.246790
0.757650
0.030202
0.534059
0.211728
0.590996
0.463761
0.240711
0.793529
0.891974
0.536978
0.568317
0.465928
0.467596
0.186590
0.288305
0.967516
0.183878
0.430934
0.959100
0.110765
0.680376
0.160900
0.921429
0.426006
0.595467
0.101790
0.421547
0.249751
0.724246
0.930436
0.159271
0.616719
0.280919
0.281983
0.307699
0.064952
0.187560
0.130679
0.801473
0.213391
0.061104
0.779081
0.440484
0.721285
0.320475
0.440018
0.105869
0.988816
0.585685
0.145711
0.135200
0.708309
0.290815
0.468420
0.653717
0.125396
0.182732
0.286977
0.408499
0.619529
0.127424
0.583605
0.402435
0.963187
0.395828
0.005381
0.374875
0.369188
0.351028
0.674717
0.925837
0.185444
0.208685
0.483249
0.830643
0.846567
0.292597
0.853494
0.841863
0.441672
0.957245
0.702651
0.025428
0.007779
0.099201
0.092940
0.427816
0.408168
0.929294
0.802821
0.621147
0.405069
0.427371
0.803500
0.423098
0.286072
0.651571
0.375080
0.838493
0.153609
0.823955
0.346730
0.019442
0.736911
0.864379
0.695260
0.790920
0.335793
0.794485
0.486466
0.038644
0.255649
0.183688
0.893623
0.006130
0.843038
0.559027
0.777502
0.297805
0.981229
0.450753
0.062285
0.135052
0.655079
0.495547
0.891756
0.162057
0.944626
0.769217
0.300137
0.848332
0.556765
0.270770
0.881946
0.284802
0.754388
0.229723
0.695264
0.920313
0.292357
0.658534
0.382759
0.535447
0.719687
0.322023
0.244873
0.500521
0.157323
0.045657
0.749524
0.114634
0.410865
0.034586
0.712710
0.572651
0.027639
0.625288
0.134385
0.856981
0.657478
0.641711
0.423984
0.601048
0.826581
0.277776
0.499971
0.721308
0.983847
0.178132
0.997787
0.364695
0.429026
0.139019
0.570570
0.468379
0.482103
0.601130
0.017020
0.978695
0.003246
0.856333
0.720797
0.526133
0.122733
0.640143
0.635808
0.103255
0.790205
0.531804
0.801771
0.042417
0.502630
0.333871
0.124429
0.340172
0.320358
0.353151
0.904784
0.125224
0.030634
0.254893
0.351732
0.816817
0.067946
0.912087
0.062472
0.270424
0.550586
0.421767
0.205059
0.957619
0.542794
0.210172
0.887489
0.977001
0.401869
0.898648
0.947669
0.443050
0.819608
0.352179
0.148677
0.549786
0.917460
0.082393
0.513656
0.356108
0.504769
0.926951
0.284740
0.089689
0.359471
0.677169
0.740375
0.516302
0.140634
0.075759
0.855414
0.671441
0.292202
0.356566
0.538362
0.001137
0.047330
0.248164
0.930140
0.708818
0.392682
0.113204
0.998756
0.855099
0.602054
0.645373
0.414236
0.507383
0.698721
0.295845
0.438220
0.986137
0.955864
0.351102
0.312567
0.004720
0.294455
0.333998
0.381366
0.249649
0.187984
0.149934
0.930719
0.698162
0.433391
0.150032
0.480672
0.719966
0.897592
0.033176
0.013670
0.760034
0.098955
0.258785
0.373908
0.149337
0.233124
0.392221
0.821961
0.340380
0.002542
0.554672
0.479056
0.614414
0.359069
0.899410
0.145371
0.057204
0.019058
0.786294
0.726732
0.350232
0.360264
0.076383
0.254085
0.674197
0.059969
0.718549
0.230110
0.771699
0.583690
0.549949
0.787368
0.965977
0.383849
0.982243
0.892339
0.682577
0.417775
0.995434
0.579737
0.770823
0.344425
0.611193
0.951470
0.671969
0.509183
0.767552
0.424631
0.230906
0.576126
0.266844
0.462876
0.698300
0.417118
0.218756
0.775585
0.220028
0.617126
0.150373
0.719171
0.860803
0.705113
0.705099
0.384903
0.958849
0.969896
0.602302
0.607638
0.358505
0.470337
0.279596
0.879824
0.817632
0.599248
0.389603
0.905146
0.636708
0.310381
0.073083
0.276201
0.306468
0.867880
0.680312
0.510572
0.720977
0.727564
0.362572
0.429669
0.253014
0.909428
0.705636
0.614726
0.738622
0.970724
0.327117
0.424316
0.167728
0.439007
0.109563
0.807769
0.627682
0.314516
0.491167
0.898859
0.796603
0.001264
0.985970
0.124140
0.033411
0.776213
0.855431
0.310311
0.861402
0.655918
0.603236
0.024972
0.392263
0.269997
0.715231
0.135158
0.987388
0.100815
0.816345
0.318018
0.203373
0.198758
0.166370
0.008024
0.818565
0.232465
0.166502
0.015071
0.487544
0.483394
0.298483
0.797852
0.320408
0.144100
0.668240
0.126886
0.433733
0.029603
0.075899
0.621566
0.270098
0.561212
0.284028
0.395604
0.233031
0.632184
0.906005
0.795251
0.934259
0.714602
0.086381
0.964669
0.100149
0.316829
0.895099
0.722820
0.934188
0.650930
0.107470
0.986257
0.482405
0.119426
0.791752
0.722189
0.298592
0.980761
0.876232
0.166191
0.456205
0.302852
0.617668
0.788945
0.703822
0.064107
0.642977
0.246367
0.311030
0.011269
0.986041
0.297522
0.901610
0.633480
0.291501
0.424674
0.320917
0.361924
0.107420
0.639870
0.334298
0.854436
0.938691
0.712417
0.703449
0.974444
0.483060
0.801630
0.937575
0.823623
0.221639
0.229238
0.766231
0.937634
0.285789
0.875802
0.130713
0.504326
0.272246
0.435539
0.240884
0.213771
0.428362
0.513918
0.994300
0.099515
0.379338
0.302402
0.804521
0.480405
0.319324
0.314717
0.635473
0.862392
0.338268
0.419014
0.788738
0.409654
0.306368
0.150312
0.740655
0.344440
0.488031
0.037584
0.076093
0.384999
0.807192
0.429867
0.315786
0.080965
0.435873
0.055770
0.184093
0.655583
0.127865
0.300763
0.614062
0.714146
0.469397
0.936599
0.536679
0.928010
0.968678
0.787276
0.251165
0.553582
0.656174
0.565887
0.923209
0.395636
0.617509
0.866745
0.508001
0.574340
0.630853
0.047162
0.144944
0.205371
0.830682
0.483244
0.820930
0.852496
0.069772
0.434088
0.849030
0.361974
0.401322
0.498755
0.459504
0.438189
0.853062
0.400385
0.549982
0.069850
0.415222
0.581841
0.391702
0.666166
0.914261
0.847250
0.838674
0.512347
0.194194
0.033815
0.336660
0.903825
0.777424
0.448280
0.778817
0.068551
0.926935
0.552413
0.004909
0.736765
0.781729
0.131894
0.490944
0.967588
0.987382
0.932968
0.526110
0.591835
0.993588
0.501255
0.923900
0.380414
0.940573
0.707078
0.064284
0.797677
0.806255
0.191692
0.813819
0.949118
0.236009
0.718782
0.620552
0.082773
0.226939
0.165619
0.830615
0.753714
0.588507
0.638229
0.023364
0.510995
0.851409
0.944963
0.911960
0.716442
0.046566
0.412849
0.106238
0.854650
0.526107
0.781079
0.784774
0.443563
0.748223
0.656030
0.072991
0.405025
0.697755
0.762176
0.674205
0.504654
0.364412
0.973283
0.050474
0.220438
0.450465
0.858239
0.200119
0.149409
0.229825
0.225920
0.828810
0.811782
0.230349
0.903448
0.461076
0.461931
0.161272
0.732222
0.789122
0.265572
0.257627
0.516102
0.305822
0.952535
0.963536
0.406112
0.018772
0.804494
0.626238
0.956043
0.792270
0.587038
0.622739
0.833328
0.614096
0.785447
0.090949
0.919571
0.833984
0.253560
0.187194
0.285092
0.170635
0.135097
0.541963
0.271874
0.034166
0.666823
0.335772
0.669285
0.460869
0.222919
0.167029
0.716945
0.707137
0.709941
0.633755
0.419118
0.299457
0.171742
0.301054
0.405005
0.087324
0.213724
0.476199
0.319303
0.595965
0.605804
0.963209
0.477423
0.725742
0.173469
0.718792
0.269724
0.595104
0.836288
0.081538
0.549144
0.073980
0.403262
0.996214
0.986612
0.304464
0.484380
0.405070
0.128602
0.255688
0.627770
0.727996
0.641214
0.109746
0.541806
0.103429
0.975151
0.025554
0.011544
0.811879
0.435968
0.577501
0.868885
0.053939
0.393978
0.915796
0.125809
0.004674
0.118170
0.445358
0.130076
0.816238
0.468533
0.570142
0.352765
0.990621
0.431150
0.799765
0.167020
0.294383
0.230444
0.265316
0.727384
0.137250
0.502943
0.441218
0.809092
0.086463
0.766945
0.620021
0.216705
0.938737
0.172460
0.437000
0.121445
0.521710
0.265793
0.491427
0.436631
0.146767
0.253160
0.861410
0.090558
0.385100
0.997692
0.059150
0.806228
0.588889
0.734223
0.723504
0.747281
0.329472
0.236215
0.096739
0.139520
0.674383
0.919220
0.082324
0.727387
0.975132
0.115226
0.430663
0.674786
0.587609
0.502288
0.349632
0.269611
0.696964
0.423801
0.586791
0.541358
0.168875
0.581798
0.780151
0.651205
0.099038
0.338649
0.624378
0.663917
0.482792
0.611529
0.149292
0.060978
0.176722
0.094037
0.157551
0.104289
0.074136
0.289339
0.618391
0.909848
0.166287
0.589209
0.564290
0.840745
0.911204
0.383340
0.787445
0.578886
0.082022
0.933309
0.382917
0.984792
0.016677
0.495564
0.935345
0.604863
0.940840
0.927804
0.896076
0.435478
0.785977
0.763141
0.447610
0.303300
0.674387
0.486403
0.902219
0.971181
0.993126
0.496966
0.431621
0.829010
0.728653
0.992481
0.674590
0.778911
0.484108
0.757875
0.519358
0.674147
0.351079
0.594001
0.107712
0.421107
0.557727
0.870312
0.857632
0.603756
0.565170
0.435934
0.051368
0.239927
0.033965
0.873508
0.285817
0.028814
0.832601
0.830184
0.832085
0.199056
0.009843
0.910143
0.701093
0.816782
0.402830
0.363007
0.962123
0.162993
0.302781
0.552529
0.611168
0.539649
0.350202
0.939933
0.035955
0.613852
0.581454
0.066273
0.874526
0.159479
0.298564
0.768191
0.814252
0.805660
0.184155
0.611452
0.628148
0.151460
0.833370
0.276626
0.495368
0.356152
0.624655
0.381288
0.402757
0.064449
0.601294
0.973125
0.174327
0.276069
0.785557
0.678313
0.425546
0.519018
0.097337
0.239539
0.489301
0.435952
0.799161
0.928049
0.110417
0.643004
0.139436
0.064100
0.455602
0.470444
0.615820
0.630173
0.735709
0.944554
0.030576
0.711347
0.487161
0.120082
0.259802
0.247191
0.309441
0.622669
0.408396
0.329550
0.605512
0.010597
0.772646
0.030613
0.622037
0.315258
0.782303
0.495625
0.836282
0.869708
0.844026
0.784621
0.486569
0.284678
0.758075
0.697563
0.793169
0.181424
0.130106
0.567243
0.166485
0.040785
0.949975
0.754345
0.449430
0.277833
0.259400
0.329021
0.990847
0.401477
0.580362
0.173370
0.096865
0.868407
0.526134
0.489190
0.157063
0.990747
0.766794
0.445376
0.492301
0.006794
0.271105
0.449344
0.721123
0.174223
0.496642
0.276856
0.191575
0.495116
0.950036
0.044610
0.775334
0.432219
0.289200
0.759987
0.071019
0.725767
0.889441
0.932319
0.813552
0.170282
0.545292
0.480050
0.036449
0.960706
0.729981
0.918179
0.283918
0.967237
0.584380
0.560347
0.919640
0.048260
0.557324
0.219947
0.329093
0.260734
0.369178
0.644631
0.562319
0.577416
0.720507
0.668598
0.713989
0.470297
0.917758
0.817021
0.087646
0.469621
0.337790
0.847002
0.941009
0.557868
0.403161
0.459427
0.359198
0.008074
0.490020
0.166091
0.552775
0.025856
0.940504
0.046472
0.627453
0.304530
0.101489
0.878533
0.622368
0.352684
0.061593
0.877914
0.363777
0.203592
0.508293
0.029905
0.431059
0.865834
0.877030
0.748565
0.281904
0.624507
0.714190
0.347362
0.333544
0.052394
0.925820
0.555716
0.546926
0.340468
0.333963
0.065811
0.810679
0.307109
0.712487
0.844059
0.171772
0.195405
0.224278
0.691584
0.709714
0.117920
0.931678
0.288107
0.601196
0.758287
0.802039
0.703604
0.672027
0.689020
0.380272
0.112115
0.483260
0.414914
0.050256
0.192066
0.748360
0.001395
0.556995
0.447506
0.628317
0.897219
0.211395
0.434602
0.201551
0.310871
0.949523
0.627790
0.155500
0.250059
0.168244
0.409952
0.496770
0.083663
0.009094
0.420985
0.826701
0.235519
0.512270
0.249144
0.479252
0.369422
0.812618
0.199541
0.568056
0.174703
0.299479
0.624157
0.739534
0.611779
0.412287
0.047761
0.178935
0.227032
0.493774
0.074097
0.166187
0.896396
0.872680
0.806722
0.228419
0.107043
0.097816
0.268869
0.686050
0.636510
0.995379
0.056700
0.139290
0.238684
0.971382
0.210348
0.191966
0.695979
0.731073
0.037088
0.459512
0.347112
0.337226
0.371050
0.658018
0.949832
0.279170
0.503819
0.321215
0.487989
0.974437
0.770308
0.442257
0.282313
0.874904
0.524289
0.087184
0.514280
0.099298
0.987937
0.776944
0.022432
0.263948
0.209779
0.184839
0.980547
0.933648
0.115413
0.446279
0.817006
0.864520
0.385376
0.127719
0.484752
0.960738
0.644539
0.651639
0.941211
0.616996
0.197394
0.724469
0.447546
0.868593
0.293621
0.064308
0.046624
0.521013
0.658298
0.475325
0.329070
0.180869
0.771138
0.065717
0.346777
0.860087
0.129123
0.156095
0.283255
0.575215
0.476914
0.175174
0.240195
0.113716
0.739401
0.589645
0.249612
0.889131
0.140790
0.665099
0.370951
0.556990
0.744576
0.604884
0.482533
0.813327
0.398797
0.363761
0.126707
0.547703
0.820931
0.183247
0.518089
0.272582
0.306825
0.645509
0.574265
0.500961
0.298009
0.792683
0.578324
0.494106
0.791798
0.608508
0.832610
0.551291
0.328532
0.909133
0.413053
0.763397
0.040345
0.439976
0.883462
0.902252
0.995828
0.725520
0.579158
0.867599
0.824970
0.968911
0.819315
0.863541
0.358747
0.048231
0.157387
0.226366
0.767727
0.406334
0.528994
0.575606
0.434087
0.381102
0.906649
0.710218
0.541389
0.273017
0.820693
0.421754
0.116515
0.196901
0.855813
0.146400
0.008121
0.514721
0.982527
0.127759
0.035988
0.396315
0.333000
0.512244
0.295653
0.804929
0.780576
0.548973
0.352677
0.954432
0.432388
0.816025
0.810950
0.035081
0.894435
0.144937
0.489384
0.754726
0.918499
0.665324
0.191384
0.992307
0.790258
0.141486
0.801469
0.610542
0.568004
0.522884
0.193410
0.224662
0.031306
0.380361
0.184272
0.474080
0.949017
0.649972
0.518730
0.093862
0.025993
0.856319
0.618029
0.832879
0.637891
0.737237
0.577972
0.015516
0.213435
0.941741
0.650301
0.293803
0.873515
0.223071
0.191858
0.886862
0.686496
0.298743
0.815891
0.354523
0.649113
0.299463
0.229879
0.702001
0.252332
0.478783
0.994267
0.362501
0.241539
0.605368
0.186463
0.354630
0.930443
0.209771
0.704487
0.661480
0.178072
0.607557
0.694648
0.628278
0.888216
0.370681
0.337615
0.925459
0.640718
0.668981
0.977259
0.374041
0.813972
0.653658
0.326649
0.680187
0.308004
0.804630
0.235570
0.875815
0.727516
0.913626
0.253938
0.012141
0.634272
0.124892
0.975486
0.403028
0.228181
0.205400
0.896107
0.465012
0.566481
0.966412
0.271209
0.950882
0.180374
0.508296
0.206477
0.123692
0.698501
0.710452
0.966409
0.168078
0.836627
0.138237
0.234989
0.885752
0.862912
0.288750
0.812901
0.472056
0.398141
0.847365
0.985623
0.920435
0.160297
0.376879
0.546812
0.351729
0.012833
0.611150
0.211322
0.315133
0.426042
0.275107
0.902257
0.857717
0.210881
0.102998
0.146414
0.909375
0.134633
0.476757
0.562507
0.280079
0.777777
0.856363
0.176532
0.316311
0.741451
0.924065
0.048662
0.013551
0.064867
0.114352
0.446037
0.131695
0.462070
0.951539
0.545825
0.610278
0.737402
0.366841
0.402941
0.330372
0.489055
0.916821
0.666773
0.020048
0.960084
0.575076
0.281327
0.850259
0.646256
0.519043
0.153126
0.018030
0.020111
0.083791
0.521271
0.363831
0.480607
0.804690
0.514021
0.820003
0.387727
0.220812
0.126267
0.237108
0.791423
0.860956
0.602287
0.885095
0.214267
0.584166
0.958144
0.676135
0.597195
0.196606
0.128111
0.906015
0.267704
0.016693
0.969491
0.060966
0.539889
0.810332
0.110214
0.986788
0.305695
0.268155
0.373578
0.467156
0.726743
0.946618
0.264521
0.007989
0.886131
0.344845
0.751779
0.374735
0.009561
0.539092
0.330333
0.179477
0.615180
0.546695
0.098491
0.564701
0.701512
0.341392
0.334001
0.780632
0.832837
0.191886
0.803560
0.202997
0.731427
0.745522
0.790095
0.088086
0.735969
0.028961
0.572198
0.112003
0.235596
0.287713
0.840077
0.490960
0.938863
0.336427
0.282411
0.229513
0.587065
0.841780
0.328474
0.793595
0.471270
0.709872
0.779914
0.255226
0.862430
0.499982
0.816547
0.705789
0.213957
0.536569
0.610558
0.484725
0.746137
0.141386
0.533467
0.520534
0.771750
0.157590
0.690250
0.830964
0.872279
0.687718
0.264983
0.979244
0.784082
0.717408
0.912376
0.033253
0.603892
0.046730
0.179595
0.324493
0.673039
0.701017
0.692719
0.053741
0.249749
0.743056
0.592229
0.540251
0.828909
0.158530
0.451888
0.661399
0.718663
0.236570
0.665403
0.779615
0.233227
0.617299
0.035230
0.203508
0.611279
0.928249
0.047904
0.980043
0.519322
0.681515
0.070264
0.564642
0.749372
0.853529
0.450958
0.666095
0.470365
0.319324
0.261591
0.313150
0.142645
0.063166
0.161901
0.939657
0.954915
0.837433
0.623325
0.035143
0.393024
0.691598
0.495351
0.657686
0.299966
0.543221
0.649008
0.855978
0.536458
0.712796
0.181884
0.797435
0.101493
0.094347
0.419038
0.149241
0.322212
0.383635
0.694198
0.009194
0.472501
0.535862
0.645587
0.433234
0.929667
0.374743
0.510792
0.356522
0.728572
0.024814
0.655021
0.454956
0.122614
0.588866
0.317135
0.243981
0.510907
0.242361
0.307829
0.461590
0.841054
0.666727
0.144338
0.532371
0.346878
0.493381
0.856038
0.659487
0.230493
0.180383
0.445325
0.841463
0.648076
0.493576
0.738138
0.860648
0.108739
0.514088
0.108508
0.040236
0.145851
0.844087
0.311503
0.316712
0.870200
0.432647
0.408953
0.924609
0.764365
0.193603
0.522313
0.740438
0.827678
0.337282
0.897060
0.082678
0.931138
0.087966
0.512977
0.514691
0.991670
0.208984
0.224727
0.947446
0.325091
0.507285
0.167053
0.088922
0.287162
0.239381
0.909027
0.037062
0.062099
0.090541
0.591672
0.563161
0.207926
0.149089
0.033378
0.382553
0.318032
0.047703
0.537456
0.459490
0.908318
0.193577
0.886215
0.143059
0.389305
0.759329
0.755945
0.681040
0.732575
0.856523
0.537162
0.408566
0.190926
0.063683
0.294515
0.658463
0.181610
0.230676
0.350704
0.190142
0.192038
0.231338
0.728803
0.683925
0.317311
0.086214
0.437358
0.597672
0.788972
0.627292
0.332626
0.432589
0.604337
0.626604
0.042346
0.205091
0.115790
0.060570
0.185404
0.671595
0.189414
0.931959
0.871768
0.603117
0.292332
0.821340
0.217081
0.156549
0.618134
0.089902
0.356269
0.139489
0.109764
0.405517
0.190550
0.715505
0.989249
0.013920
0.852217
0.846699
0.153626
0.926877
0.621570
0.520452
0.546471
0.949229
0.780371
0.557226
0.364376
0.216665
0.636194
0.546293
0.707768
0.666127
0.702054
0.206271
0.035438
0.610699
0.765683
0.217336
0.532157
0.340861
0.332826
0.321993
0.248750
0.423990
0.678937
0.241274
0.624008
0.123979
0.493652
0.703242
0.747810
0.112841
0.852408
0.630671
0.474834
0.396192
0.999580
0.284790
0.248223
0.124463
0.177528
0.911946
0.242592
0.711738
0.485907
0.190074
0.185747
0.434082
0.505630
0.521855
0.968480
0.429233
0.171854
0.971419
0.901841
0.769546
0.130366
0.391482
0.231231
0.030038
0.561738
0.037784
0.266713
0.523440
0.207634
0.717716
0.238911
0.124112
0.083642
0.269988
0.739864
0.352692
0.112997
0.922239
0.358219
0.143376
0.665587
0.823446
0.868136
0.465680
0.736604
0.798011
0.081278
0.722572
0.249209
0.118407
0.221260
0.596847
0.715614
0.843252
0.429937
0.767620
0.240922
0.017685
0.764902
0.668806
0.604119
0.782928
0.797567
0.211478
0.900597
0.191894
0.671209
0.141951
0.980562
0.277735
0.228353
0.457502
0.667731
0.672183
0.566859
0.051565
0.492662
0.820584
0.134100
0.510307
0.425119
0.590471
0.218603
0.732433
0.839832
0.820583
0.448520
0.794122
0.700027
0.107177
0.656316
0.230946
0.693108
0.874525
0.219037
0.658656
0.802863
0.526462
0.733543
0.404716
0.552564
0.225870
0.636077
0.572449
0.903348
0.598957
0.125543
0.709680
0.542237
0.411229
0.499871
0.003740
0.044189
0.012000
0.764842
0.674715
0.142547
0.094349
0.124749
0.988818
0.092252
0.067369
0.714272
0.063742
0.860222
0.087600
0.680934
0.387888
0.627232
0.546519
0.477524
0.725337
0.835716
0.560955
0.973846
0.828429
0.767824
0.763313
0.747192
0.129845
0.388137
0.438476
0.660892
0.336050
0.935399
0.804260
0.590323
0.593982
0.497659
0.982300
0.905766
0.652853
0.555171
0.956245
0.071458
0.192949
0.225454
0.564122
0.470246
0.243291
0.694871
0.321767
0.313186
0.360041
0.071108
0.624177
0.243491
0.987526
0.640921
0.621673
0.994184
0.173754
0.267544
0.817732
0.208836
0.562293
0.412103
0.185390
0.284768
0.332398
0.013445
0.349059
0.848090
0.509252
0.210730
0.128662
0.219942
0.816202
0.643175
0.492931
0.983335
0.990855
0.811322
0.718782
0.509939
0.236927
0.734202
0.303598
0.056218
0.233701
0.886774
0.927331
0.788270
0.874976
0.152016
0.511275
0.844753
0.659395
0.272030
0.170404
0.297275
0.403999
0.032557
0.606126
0.617615
0.702911
0.165254
0.236354
0.011164
0.303005
0.702131
0.109748
0.725937
0.318447
0.266502
0.401018
0.196566
0.955972
0.534838
0.034154
0.632609
0.172787
0.853894
0.730459
0.410580
0.438956
0.747486
0.528262
0.379069
0.526161
0.797286
0.571193
0.936314
0.994700
0.132020
0.711874
0.489610
0.800602
0.509441
0.227929
0.655938
0.194741
0.725442
0.697163
0.313167
0.835807
0.834703
0.828801
0.361228
0.789026
0.417229
0.797657
0.802618
0.832495
0.875166
0.378103
0.501616
0.243013
0.494261
0.924723
0.731584
0.983270
0.754349
0.996521
0.369732
0.962288
0.123237
0.171553
0.348718
0.790974
0.318364
0.348872
0.724455
0.204667
0.770602
0.584645
0.469510
0.074552
0.774591
0.259334
0.851458
0.679814
0.559965
0.122793
0.005579
0.662411
0.267851
0.514183
0.061256
0.836341
0.567023
0.803563
0.931471
0.773275
0.394073
0.852027
0.624751
0.836426
0.051983
0.037286
0.688957
0.084548
0.651470
0.141539
0.146281
0.217915
0.629482
0.148538
0.028829
0.488174
0.829210
0.746693
0.374165
0.243937
0.376009
0.085123
0.290195
0.533993
0.333586
0.079496
0.448753
0.940010
0.874832
0.314562
0.117281
0.560604
0.451690
0.340227
0.587968
0.818653
0.198410
0.908073
0.613721
0.513722
0.552585
0.445166
0.210356
0.291491
0.828326
0.812057
0.934361
0.452038
0.225975
0.141831
0.495634
0.768871
0.512701
0.307084
0.314550
0.740578
0.358380
0.311713
0.382735
0.446964
0.061118
0.654375
0.536939
0.931563
0.146802
0.460510
0.005354
0.782381
0.077045
0.929787
0.835779
0.332769
0.049905
0.395859
0.564996
0.654278
0.627756
0.045297
0.238719
0.263386
0.676680
0.092575
0.641524
0.213966
0.851754
0.957988
0.346097
0.997374
0.612619
0.745379
0.941205
0.422023
0.503690
0.066533
0.547744
0.394329
0.183390
0.009140
0.482255
0.272899
0.436788
0.795178
0.677275
0.217836
0.156004
0.426603
0.217890
0.707032
0.022766
0.365225
0.103890
0.141333
0.377490
0.043626
0.096869
0.210448
0.509257
0.754022
0.261670
0.441467
0.351065
0.211916
0.561541
0.101880
0.314730
0.841442
0.616371
0.378956
0.749808
0.579258
0.483395
0.507370
0.260916
0.743869
0.069726
0.266945
0.867830
0.267256
0.536105
0.022384
0.742726
0.335684
0.801236
0.226872
0.008948
0.236563
0.006077
0.061417
0.835673
0.958246
0.547473
0.631817
0.812852
0.839618
0.040495
0.895105
0.340796
0.316380
0.318870
0.237372
0.518785
0.560877
0.332869
0.374832
0.767081
0.562360
0.554026
0.999995
0.166707
0.944551
0.246081
0.344843
0.251381
0.567391
0.711495
0.582867
0.735971
0.709838
0.372934
0.741850
0.415842
0.380597
0.299088
0.549259
0.221493
0.053658
0.534196
0.382142
0.162821
0.875504
0.340667
0.243383
0.647427
0.140888
0.214149
0.436198
0.407308
0.584024
0.280444
0.358756
0.018332
0.782097
0.433633
0.590789
0.746852
0.717940
0.324779
0.194062
0.207850
0.298776
0.060598
0.898595
0.068978
0.377887
0.221470
0.596502
0.784872
0.576080
0.558147
0.315311
0.096112
0.949844
0.476560
0.592665
0.777211
0.303055
0.170081
0.924255
0.868000
0.689112
0.008624
0.706878
0.372780
0.400376
0.543952
0.848480
0.161634
0.491797
0.240574
0.967071
0.558254
0.635582
0.791605
0.850381
0.848669
0.853803
0.628952
0.598132
0.695249
0.425807
0.987225
0.618807
0.190351
0.017306
0.630724
0.402773
0.033994
0.828018
0.102888
0.743668
0.069932
0.304746
0.107584
0.829882
0.164497
0.716749
0.381603
0.378047
0.162596
0.640307
0.167745
0.730385
0.405223
0.149331
0.147861
0.587805
0.042880
0.258905
0.445238
0.800609
0.129262
0.918633
0.055684
0.388697
0.229597
0.602668
0.816709
0.713136
0.028004
0.293292
0.774166
0.470974
0.168256
0.404925
0.555717
0.935165
0.312308
0.945447
0.110526
0.611497
0.150984
0.961686
0.924527
0.234372
0.851175
0.065976
0.570653
0.773346
0.173949
0.590630
0.203410
0.872268
0.247921
0.667230
0.357151
0.892927
0.732282
0.277588
0.157441
0.485058
0.853846
0.073265
0.804886
0.354586
0.552498
0.510525
0.940792
0.652001
0.719411
0.597579
0.254038
0.152712
0.262417
0.301028
0.438533
0.151273
0.482902
0.408344
0.360639
0.741352
0.998590
0.393291
0.045924
0.903318
0.196611
0.581144
0.844629
0.571317
0.951213
0.660594
0.885219
0.601716
0.090500
0.339204
0.675396
0.314793
0.846560
0.689293
0.459953
0.031537
0.273378
0.481129
0.694828
0.777449
0.366892
0.550300
0.746750
0.075203
0.371571
0.996138
0.677854
0.498050
0.507891
0.758073
0.724612
0.405845
0.105093
0.866795
0.830497
0.035559
0.873574
0.417093
0.341717
0.868165
0.801319
0.059246
0.725417
0.943757
0.908717
0.555854
0.919718
0.546795
0.846158
0.700955
0.674961
0.433340
0.068778
0.648345
0.995542
0.522153
0.072723
0.445934
0.541705
0.721539
0.927318
0.323037
0.600678
0.313808
0.087503
0.027479
0.986506
0.069225
0.220922
0.259364
0.977985
0.011334
0.534034
0.998408
0.154046
0.505516
0.831622
0.271706
0.735981
0.092672
0.294075
0.658791
0.795879
0.239891
0.706820
0.580881
0.440644
0.929991
0.626276
0.171184
0.830979
0.761797
0.716708
0.273122
0.644705
0.983042
0.242351
0.863368
0.343786
0.627757
0.449189
0.946562
0.354449
0.680025
0.320749
0.718579
0.019754
0.935984
0.942301
0.545225
0.934011
0.985941
0.457827
0.053244
0.018397
0.488485
0.354139
0.380501
0.447169
0.658456
0.556523
0.382216
0.283834
0.640673
0.570276
0.340137
0.436648
0.191259
0.652524
0.471507
0.292839
0.838476
0.748683
0.284719
0.140908
0.444919
0.677943
0.578523
0.240389
0.842949
0.802155
0.631658
0.148450
0.965250
0.162486
0.879799
0.662704
0.642377
0.818229
0.126671
0.489605
0.989166
0.872128
0.086232
0.497803
0.051892
0.416610
0.802769
0.165838
0.138041
0.385282
0.245817
0.583543
0.000576
0.044087
0.126740
0.116537
0.798568
0.606471
0.733880
0.593171
0.506073
0.206960
0.333130
0.623317
0.191121
0.217502
0.430813
0.408368
0.336701
0.640961
0.945736
0.151814
0.125612
0.066136
0.087309
0.929797
0.361056
0.418674
0.486581
0.630981
0.444850
0.492261
0.877094
0.325151
0.585126
0.994458
0.372403
0.169885
0.155402
0.591562
0.137164
0.714697
0.876896
0.186868
0.998641
0.212007
0.245952
0.416697
0.295520
0.294327
0.378463
0.098580
0.010913
0.127034
0.193160
0.115962
0.986398
0.896099
0.605640
0.973807
0.764008
0.240159
0.155020
0.009471
0.353009
0.986291
0.235070
0.993229
0.968366
0.298879
0.851724
0.602821
0.537766
0.100940
0.578829
0.006405
0.524063
0.377287
0.134014
0.538269
0.360029
0.718898
0.746544
0.201705
0.542294
0.217875
0.239050
0.483399
0.181329
0.572369
0.494995
0.713724
0.554362
0.010827
0.733762
0.957299
0.958107
0.394965
0.765227
0.168207
0.908158
0.610816
0.145712
0.094228
0.481950
0.107246
0.907162
0.164473
0.352146
0.191301
0.281456
0.344792
0.807323
0.439770
0.591702
0.695332
0.806848
0.336327
0.232400
0.114614
0.866801
0.993641
0.410346
0.504512
0.323830
0.569817
0.068159
0.340505
0.273810
0.738552
0.162293
0.381576
0.232184
0.322372
0.217421
0.004137
0.312856
0.948336
0.829056
0.394348
0.472514
0.335568
0.536300
0.583215
0.117259
0.574010
0.236568
0.058832
0.118417
0.503751
0.064200
0.440149
0.034393
0.054323
0.404794
0.446636
0.085473
0.153334
0.467173
0.148224
0.178414
0.563805
0.584837
0.229892
0.027725
0.759598
0.168779
0.755276
0.170498
0.698307
0.983551
0.663681
0.421666
0.100981
0.168443
0.984859
0.066573
0.598057
0.175650
0.505948
0.837719
0.850884
0.547317
0.374920
0.472557
0.508201
0.203314
0.874934
0.399228
0.606960
0.661638
0.353969
0.847089
0.776851
0.363302
0.044089
0.428936
0.357917
0.023590
0.254752
0.991765
0.290631
0.681559
0.174498
0.282976
0.387809
0.869657
0.265425
0.728871
0.347728
0.075328
0.984802
0.372346
0.617839
0.416491
0.318220
0.766620
0.968433
0.202757
0.358621
0.371905
0.385651
0.804264
0.915623
0.751882
0.643193
0.000008
0.889474
0.616848
0.662129
0.727532
0.894043
0.510424
0.518155
0.905869
0.363202
0.686693
0.705695
0.753591
0.124983
0.474638
0.018212
0.773861
0.177889
0.176768
0.154103
0.328340
0.153715
0.298784
0.907554
0.471849
0.701286
0.657193
0.553737
0.469637
0.775449
0.661713
0.787710
0.169149
0.565730
0.819364
0.326410
0.148160
0.549004
0.257112
0.033100
0.311143
0.900568
0.809941
0.173658
0.355767
0.247985
0.971232
0.164075
0.281379
0.502078
0.752325
0.918538
0.861354
0.249449
0.248125
0.657472
0.751189
0.940891
0.455651
0.784925
0.654215
0.860081
0.642378
0.194655
0.716796
0.606913
0.311267
0.114309
0.074902
0.579864
0.559345
0.347063
0.223919
0.691747
0.376719
0.520091
0.633582
0.303251
0.182886
0.699258
0.779889
0.108615
0.647237
0.479382
0.515899
0.457837
0.590598
0.409473
0.453255
0.349777
0.514717
0.362296
0.776334
0.080531
0.056548
0.207655
0.660891
0.281458
0.414210
0.898751
0.219061
0.831228
0.541513
0.831015
0.642611
0.876267
0.657901
0.082764
0.966308
0.943981
0.370709
0.897075
0.623274
0.883119
0.456595
0.514247
0.714217
0.115671
0.099027
0.214214
0.662396
0.434656
0.128703
0.178306
0.676205
0.332184
0.563769
0.529712
0.191255
0.592171
0.496725
0.662036
0.213817
0.632075
0.124880
0.715304
0.237507
0.828029
0.471236
0.808819
0.155093
0.807747
0.092684
0.390218
0.337291
0.445586
0.822368
0.810120
0.800425
0.044120
0.343116
0.981730
0.134837
0.936618
0.138794
0.734785
0.615911
0.494801
0.120462
0.223206
0.669582
0.276235
0.974217
0.495838
0.614223
0.795760
0.027586
0.089650
0.350770
0.155308
0.181349
0.254775
0.422960
0.516499
0.203669
0.170752
0.619570
0.150387
0.433398
0.263364
0.040512
0.548724
0.689442
0.481431
0.298680
0.831127
0.933053
0.142941
0.279413
0.432518
0.979923
0.709889
0.629440
0.805208
0.308965
0.601208
0.897208
0.620012
0.764645
0.903152
0.996437
0.700756
0.699738
0.586525
0.414806
0.676559
0.855398
0.590116
0.339619
0.086265
0.025404
0.879715
0.622345
0.419401
0.301457
0.342101
0.253901
0.328022
0.446415
0.123354
0.772546
0.993845
0.692322
0.770889
0.776275
0.385022
0.010126
0.288569
0.461575
0.886936
0.647947
0.964279
0.860423
0.541400
0.484777
0.579339
0.197404
0.878625
0.496479
0.359127
0.538820
0.076342
0.380977
0.774287
0.655666
0.930442
0.139488
0.051898
0.772349
0.871515
0.160693
0.005980
0.623020
0.011669
0.104706
0.546709
0.987406
0.955986
0.633729
0.977723
0.628004
0.863012
0.786257
0.940880
0.300515
0.988641
0.541715
0.617860
0.259400
0.697771
0.872396
0.547975
0.430429
0.678112
0.329586
0.171566
0.172091
0.840515
0.960737
0.958357
0.297750
0.140197
0.104572
0.730150
0.780419
0.303250
0.360995
0.537227
0.312027
0.192780
0.782680
0.197843
0.639048
0.299093
0.085215
0.360175
0.346375
0.588255
0.422676
0.696106
0.511318
0.693445
0.025507
0.586226
0.399579
0.183446
0.747574
0.405415
0.125111
0.392661
0.319282
0.268387
0.945705
0.047032
0.853615
0.844570
0.616205
0.670223
0.901986
0.601695
0.971208
0.504464
0.106759
0.587480
0.659135
0.430409
0.247334
0.608761
0.699543
0.120394
0.226660
0.417470
0.285555
0.409471
0.295045
0.262819
0.003276
0.618588
0.558157
0.919072
0.390092
0.314299
0.566074
0.048273
0.503689
0.739357
0.530258
0.507321
0.923711
0.898600
0.465349
0.958743
0.357892
0.034470
0.302621
0.894559
0.774570
0.976565
0.772005
0.932611
0.733432
0.599584
0.599540
0.994722
0.336382
0.374045
0.317119
0.726071
0.970403
0.744160
0.731430
0.265147
0.764275
0.817219
0.848940
0.223673
0.431053
0.598887
0.803812
0.485860
0.918147
0.758766
0.085630
0.186371
0.036899
0.660605
0.113796
0.976378
0.993531
0.141541
0.955493
0.437070
0.493329
0.274726
0.734065
0.250006
0.839949
0.099743
0.024712
0.483671
0.201715
0.055154
0.284360
0.105629
0.966777
0.597588
0.112583
0.579622
0.859023
0.241711
0.890465
0.157017
0.236599
0.005482
0.094250
0.221960
0.744924
0.995053
0.330691
0.799614
0.246071
0.613690
0.890936
0.086861
0.696397
0.629097
0.369859
0.614838
0.394277
0.083511
0.647683
0.402686
0.769844
0.780943
0.280789
0.211881
0.638589
0.835949
0.098581
0.760529
0.590700
0.518292
0.553276
0.506999
0.938027
0.377883
0.119505
0.362261
0.390535
0.384369
0.790584
0.440315
0.384121
0.565742
0.468350
0.706079
0.731675
0.380349
0.793422
0.130114
0.019263
0.806674
0.712765
0.709555
0.919299
0.885271
0.831435
0.464638
0.342576
0.197219
0.345384
0.270177
0.101057
0.513470
0.102184
0.131386
0.503266
0.599481
0.086566
0.263402
0.054178
0.909488
0.377632
0.083907
0.181482
0.654802
0.374625
0.978198
0.660075
0.480506
0.838128
0.446101
0.156681
0.734929
0.043566
0.990094
0.066460
0.066258
0.093892
0.854014
0.563481
0.830689
0.188321
0.471727
0.536948
0.546458
0.393999
0.235134
0.835025
0.378162
0.217479
0.940887
0.988171
0.385717
0.022864
0.025189
0.333835
0.022349
0.093524
0.446063
0.214387
0.115972
0.884225
0.822444
0.670177
0.318349
0.760570
0.189494
0.799584
0.756400
0.272627
0.479496
0.707920
0.370027
0.759593
0.587713
0.717096
0.170845
0.832409
0.632575
0.257889
0.406185
0.031164
0.769592
0.616709
0.362739
0.704187
0.668337
0.458732
0.294238
0.905688
0.511896
0.799272
0.707522
0.858837
0.128160
0.845275
0.991384
0.281136
0.612319
0.878803
0.122566
0.618982
0.549947
0.104383
0.933274
0.988277
0.700042
0.132102
0.174596
0.367974
0.747415
0.518319
0.360187
0.343418
0.483773
0.535861
0.124611
0.446379
0.526899
0.095602
0.580698
0.888631
0.437293
0.491269
0.910308
0.235963
0.841644
0.389371
0.172856
0.319496
0.922511
0.236124
0.066001
0.431175
0.383602
0.003237
0.122848
0.600326
0.750001
0.944443
0.580048
0.498131
0.612735
0.784649
0.901178
0.266911
0.177055
0.513572
0.689765
0.321097
0.223801
0.705750
0.476334
0.916743
0.343228
0.038791
0.613855
0.036479
0.050663
0.431738
0.265963
0.886759
0.143385
0.975429
0.222327
0.054300
0.408076
0.576723
0.025541
0.118567
0.538247
0.988469
0.643916
0.267191
0.870990
0.647089
0.674544
0.211189
0.302442
0.489660
0.811010
0.446871
0.491343
0.672353
0.060125
0.661289
0.210045
0.862126
0.942066
0.828131
0.452362
0.523523
0.658279
0.290908
0.657630
0.372474
0.961536
0.880324
0.160355
0.918957
0.212519
0.862702
0.724816
0.770404
0.857289
0.266342
0.774012
0.117725
0.310047
0.882674
0.672312
0.575820
0.975527
0.989105
0.171199
0.300466
0.895426
0.590408
0.877467
0.053437
0.253217
0.725545
0.353259
0.637749
0.721751
0.136802
0.207313
0.874892
0.388001
0.348089
0.286801
0.045931
0.739324
0.949308
0.829116
0.468351
0.945630
0.633644
0.183007
0.630516
0.421820
0.284661
0.458419
0.055622
0.404876
0.160081
0.214420
0.817017
0.029965
0.969114
0.044591
0.376763
0.139958
0.390220
0.669247
0.169314
0.812704
0.326175
0.893875
0.102189
0.340466
0.943314
0.543152
0.895510
0.145874
0.291838
0.229931
0.932284
0.868779
0.054035
0.568556
0.041297
0.608377
0.717321
0.191889
0.384510
0.054987
0.218953
0.681430
0.370811
0.995849
0.859298
0.269888
0.268016
0.429317
0.030529
0.925595
0.934989
0.271835
0.057634
0.178129
0.845747
0.392051
0.198592
0.794520
0.327437
0.456461
0.600618
0.165421
0.684054
0.820949
0.759325
0.010614
0.627779
0.452601
0.777700
0.763226
0.189803
0.616169
0.471753
0.742028
0.032524
0.809555
0.119724
0.971204
0.834985
0.182695
0.401722
0.256947
0.173423
0.424218
0.826663
0.880268
0.068823
0.850251
0.693389
0.015393
0.123326
0.179751
0.382850
0.733120
0.917387
0.230729
0.528202
0.198514
0.089546
0.521754
0.359719
0.422307
0.270695
0.513105
0.271384
0.675390
0.794712
0.971940
0.406032
0.425763
0.857332
0.695868
0.805923
0.407321
0.545138
0.579301
0.425620
0.179856
0.906549
0.756937
0.054050
0.289632
0.986670
0.308787
0.942612
0.889937
0.497883
0.761083
0.686226
0.430961
0.548057
0.367472
0.654173
0.778386
0.598256
0.904852
0.017628
0.870065
0.571804
0.468231
0.170736
0.770159
0.786595
0.498988
0.092130
0.730111
0.132530
0.030907
0.943739
0.615833
0.665932
0.888353
0.953790
0.810475
0.542834
0.320985
0.380856
0.452156
0.963017
0.309350
0.105834
0.616036
0.546649
0.525765
0.148734
0.800091
0.315431
0.684843
0.157139
0.823979
0.200102
0.768034
0.663227
0.000365
0.746188
0.356581
0.656218
0.188085
0.439874
0.057234
0.767129
0.086516
0.825853
0.755120
0.112705
0.880534
0.339061
0.178137
0.595409
0.095436
0.522141
0.007243
0.206339
0.271195
0.050531
0.517020
0.627948
0.815424
0.737038
0.480884
0.183448
0.144431
0.437785
0.825328
0.929768
0.971728
0.531400
0.267548
0.440935
0.353388
0.393315
0.920855
0.578771
0.849594
0.037069
0.602232
0.297760
0.911797
0.844465
0.326412
0.280973
0.354812
0.056480
0.220853
0.953925
0.523270
0.446788
0.845996
0.173235
0.511764
0.349771
0.655160
0.636961
0.548095
0.964908
0.078468
0.813499
0.398970
0.609392
0.465165
0.935907
0.407536
0.340877
0.868720
0.358526
0.522134
0.122212
0.409061
0.322800
0.425626
0.450038
0.696349
0.929126
0.624693
0.119135
0.550641
0.861656
0.108466
0.544379
0.001829
0.162891
0.935863
0.812201
0.304227
0.104956
0.861023
0.383398
0.450182
0.954436
0.856186
0.119203
0.417085
0.177631
0.141424
0.052457
0.132150
0.383127
0.080574
0.075789
0.889350
0.048541
0.052757
0.468647
0.702867
0.828318
0.158862
0.935080
0.831448
0.989467
0.372364
0.574141
0.458031
0.272087
0.493850
0.954771
0.259019
0.221591
0.018637
0.217060
0.347577
0.789467
0.776848
0.871746
0.825333
0.749481
0.955321
0.719828
0.926845
0.226181
0.860732
0.064183
0.491220
0.382576
0.533305
0.135032
0.245258
0.063879
0.070480
0.401168
0.132488
0.944170
0.269920
0.188783
0.672487
0.472870
0.951226
0.779801
0.084842
0.667895
0.065739
0.911573
0.662130
0.552357
0.453805
0.349809
0.626311
0.781708
0.858870
0.956637
0.452877
0.758172
0.557797
0.425648
0.397167
0.279374
0.716755
0.605810
0.707188
0.518009
0.332080
0.086122
0.757348
0.879451
0.365466
0.462889
0.087458
0.034160
0.432871
0.461486
0.081379
0.171772
0.156503
0.834489
0.769697
0.273747
0.039276
0.708055
0.990795
0.951434
0.471090
0.798406
0.894696
0.146459
0.226335
0.670318
0.524060
0.740277
0.561970
0.959472
0.956699
0.869786
0.775571
0.230545
0.243993
0.495872
0.832708
0.892920
0.129580
0.521752
0.423037
0.345893
0.282689
0.508005
0.554479
0.275239
0.530507
0.781150
0.544858
0.773023
0.323936
0.482659
0.020373
0.702533
0.421123
0.855275
0.280286
0.480200
0.523144
0.813503
0.137188
0.196385
0.346209
0.595163
0.092238
0.746911
0.364762
0.040870
0.454726
0.397211
0.209862
0.798319
0.765352
0.950969
0.457203
0.498247
0.632592
0.445124
0.289165
0.698956
0.841524
0.043125
0.265261
0.146257
0.344490
0.548290
0.185357
0.645728
0.492965
0.709174
0.780040
0.594144
0.620021
0.238789
0.712509
0.966965
0.832740
0.219571
0.126369
0.308755
0.623977
0.315972
0.723692
0.023405
0.662818
0.966532
0.107729
0.011029
0.873141
0.477325
0.874650
0.448430
0.659620
0.688649
0.688672
0.259977
0.890583
0.636826
0.324972
0.575802
0.997064
0.382999
0.414742
0.224169
0.297455
0.930800
0.376767
0.054896
0.407111
0.904751
0.769902
0.640716
0.342291
0.411287
0.050829
0.653431
0.677815
0.254276
0.471450
0.961757
0.867801
0.426895
0.600316
0.247712
0.588868
0.551759
0.702444
0.688443
0.715170
0.691161
0.961916
0.000356
0.284647
0.699305
0.281622
0.892419
0.565854
0.038411
0.144524
0.725532
0.084760
0.730551
0.770826
0.924812
0.220875
0.867117
0.555410
0.441694
0.732094
0.847771
0.519924
0.312710
0.317623
0.270763
0.263893
0.111816
0.078364
0.146493
0.649229
0.843154
0.484146
0.856194
0.202512
0.571121
0.207155
0.027600
0.969423
0.834614
0.930954
0.249486
0.305698
0.642326
0.994471
0.296946
0.838979
0.595981
0.480310
0.289297
0.585945
0.438365
0.106785
0.952462
0.959083
0.073045
0.033030
0.907731
0.147486
0.852631
0.436580
0.658764
0.106053
0.682483
0.472779
0.698698
0.137458
0.236708
0.975403
0.909266
0.801266
0.333345
0.007868
0.173768
0.634579
0.265605
0.124404
0.875789
0.918575
0.636033
0.950552
0.705536
0.475320
0.990489
0.442388
0.945667
0.229234
0.298790
0.933823
0.158480
0.017574
0.078924
0.831363
0.946359
0.884318
0.711681
0.565713
0.207319
0.841827
0.242599
0.159582
0.057559
0.834646
0.718081
0.521084
0.342872
0.389837
0.852570
0.322092
0.410803
0.188203
0.573657
0.070932
0.565420
0.540796
0.741987
0.738784
0.376580
0.505061
0.092852
0.049177
0.765563
0.125011
0.196332
0.289934
0.538942
0.029800
0.982871
0.256965
0.792580
0.375068
0.131153
0.689257
0.357611
0.861434
0.365164
0.304463
0.210290
0.314511
0.457300
0.294445
0.517590
0.060827
0.484412
0.890155
0.740408
0.084009
0.633655
0.355224
0.966272
0.695621
0.605010
0.517641
0.393408
0.205027
0.407371
0.698891
0.638051
0.822651
0.095051
0.649930
0.286879
0.781005
0.741603
0.853369
0.866429
0.407874
0.697812
0.301243
0.151388
0.636020
0.930746
0.607748
0.483625
0.183786
0.990737
0.066304
0.523836
0.390968
0.903164
0.010336
0.607687
0.444346
0.031921
0.587140
0.628319
0.477227
0.711431
0.804204
0.117099
0.777396
0.194097
0.457376
0.944488
0.087834
0.210058
0.300232
0.812894
0.734586
0.186118
0.564036
0.463407
0.066156
0.920735
0.687658
0.268258
0.438793
0.261941
0.866834
0.630913
0.732061
0.085060
0.782124
0.365643
0.129044
0.617114
0.614974
0.978475
0.645590
0.904775
0.211221
0.521375
0.642938
0.972757
0.001447
0.441554
0.308130
0.969501
0.037539
0.597765
0.836566
0.347049
0.254829
0.365463
0.801085
0.871970
0.819211
0.502716
0.941938
0.014212
0.168575
0.198724
0.362047
0.010764
0.107965
0.476835
0.861898
0.650994
0.067817
0.873929
0.898470
0.580545
0.384662
0.068041
0.402552
0.670655
0.213661
0.876101
0.438840
0.749790
0.432353
0.793672
0.443184
0.744449
0.644986
0.998548
0.521349
0.026028
0.146816
0.490099
0.043684
0.510612
0.457735
0.786230
0.520063
0.808572
0.784612
0.349833
0.489466
0.470843
0.521720
0.666611
0.908597
0.128753
0.648626
0.646135
0.273890
0.074290
0.634913
0.768024
0.461289
0.577659
0.211115
0.145122
0.018185
0.989035
0.115242
0.425528
0.391865
0.421360
0.674257
0.205382
0.328871
0.561076
0.829895
0.374265
0.429618
0.903654
0.968194
0.565081
0.592680
0.460814
0.662108
0.630324
0.833076
0.736291
0.186583
0.816570
0.708978
0.517036
0.415469
0.059098
0.341174
0.776716
0.459641
0.568497
0.759688
0.738399
0.155711
0.631143
0.061926
0.893295
0.264692
0.295417
0.616711
0.522416
0.990009
0.365539
0.298600
0.018056
0.174212
0.874898
0.486847
0.051939
0.283780
0.960747
0.313386
0.386923
0.041380
0.812135
0.394218
0.879142
0.314974
0.112969
0.028568
0.967444
0.623122
0.152055
0.600190
0.697010
0.365879
0.522011
0.665198
0.074033
0.640656
0.078928
0.960794
0.298319
0.252410
0.584637
0.319269
0.170700
0.277546
0.203479
0.221650
0.722122
0.290910
0.775433
0.475381
0.861288
0.115239
0.537493
0.250386
0.587733
0.702447
0.715160
0.457919
0.067203
0.506122
0.155926
0.206560
0.616211
0.454609
0.926623
0.819724
0.392653
0.384059
0.546517
0.649085
0.339347
0.540803
0.278020
0.668259
0.677382
0.512447
0.646892
0.581148
0.996144
0.697050
0.113811
0.929291
0.736900
0.169757
0.569181
0.432633
0.616806
0.556281
0.073068
0.548052
0.290224
0.272582
0.012118
0.980043
0.294219
0.240139
0.595343
0.627919
0.075106
0.936185
0.360658
0.203920
0.642935
0.388270
0.114022
0.506583
0.150771
0.472545
0.473083
0.083771
0.445661
0.625122
0.937185
0.769720
0.388151
0.825905
0.155613
0.330486
0.487237
0.464245
0.815966
0.202164
0.147618
0.445817
0.324512
0.056259
0.576127
0.650080
0.200415
0.676578
0.144220
0.597692
0.855703
0.382016
0.753396
0.937266
0.182853
0.979626
0.500415
0.110841
0.121871
0.982329
0.689202
0.307429
0.128733
0.575649
0.986304
0.564030
0.217077
0.567846
0.266774
0.623481
0.995001
0.307828
0.447367
0.908519
0.868866
0.305204
0.353902
0.721420
0.335954
0.036865
0.419697
0.528614
0.037876
0.174460
0.761916
0.939623
0.996598
0.217149
0.932733
0.739714
0.204949
0.264004
0.392173
0.085643
0.493510
0.410431
0.499498
0.723853
0.345735
0.002989
0.570042
0.840510
0.083196
0.736993
0.294329
0.902752
0.592811
0.331248
0.566388
0.600522
0.517951
0.264324
0.518113
0.748362
0.585280
0.806716
0.306556
0.756546
0.489217
0.333287
0.951023
0.030917
0.505887
0.650353
0.266853
0.410816
0.758444
0.821795
0.692750
0.504471
0.805627
0.728568
0.558539
0.531223
0.975448
0.345981
0.090238
0.029956
0.615854
0.473135
0.199302
0.543121
0.184272
0.398870
0.852921
0.135719
0.847888
0.738623
0.572253
0.358617
0.016545
0.426551
0.355454
0.015577
0.980130
0.597309
0.072399
0.843371
0.572338
0.841847
0.127947
0.964357
0.532665
0.071607
0.940639
0.720891
0.988529
0.975492
0.533703
0.250948
0.229377
0.803987
0.285238
0.914332
0.694659
0.964798
0.634449
0.428845
0.847553
0.664395
0.290818
0.325792
0.356291
0.579827
0.243073
0.084198
0.754997
0.295180
0.614841
0.053109
0.505872
0.987066
0.163855
0.021356
0.134637
0.593509
0.971591
0.044156
0.861088
0.450598
0.620206
0.885917
0.896636
0.131297
0.903662
0.188641
0.330728
0.970772
0.869898
0.225273
0.277998
0.512621
0.740938
0.847402
0.708042
0.860375
0.007800
0.986657
0.129682
0.668647
0.747083
0.819204
0.051599
0.258307
0.956114
0.452690
0.891207
0.090050
0.453520
0.745036
0.753646
0.580748
0.642107
0.614430
0.252764
0.996937
0.180918
0.949910
0.295970
0.909836
0.363345
0.981913
0.504826
0.446265
0.748175
0.722152
0.693257
0.319832
0.340432
0.832208
0.575255
0.376770
0.368907
0.030206
0.623947
0.140798
0.457238
0.894957
0.753912
0.591382
0.735424
0.676927
0.248601
0.159765
0.188638
0.475425
0.104767
0.677150
0.290223
0.891376
0.715752
0.759406
0.715743
0.015049
0.565511
0.862666
0.684965
0.358124
0.355270
0.994208
0.228639
0.089478
0.734659
0.812980
0.426967
0.684040
0.559222
0.604145
0.416617
0.844127
0.346165
0.362030
0.713178
0.302595
0.350225
0.965847
0.145908
0.867220
0.431528
0.182559
0.451670
0.815653
0.637313
0.981274
0.324919
0.500340
0.169404
0.393537
0.470620
0.772774
0.159292
0.903889
0.956968
0.586470
0.422715
0.105085
0.914793
0.888007
0.115600
0.102326
0.380515
0.655547
0.963255
0.900896
0.829530
0.694185
0.484666
0.761567
0.696900
0.547504
0.383803
0.258156
0.932227
0.634727
0.029772
0.521607
0.385575
0.472820
0.697731
0.904967
0.571325
0.592934
0.992408
0.053635
0.106839
0.510562
0.626116
0.115268
0.872792
0.858779
0.473137
0.573697
0.692073
0.543939
0.572344
0.941256
0.074104
0.533215
0.499947
0.293873
0.321473
0.633343
0.284223
0.383313
0.045737
0.369961
0.784119
0.810948
0.889288
0.826898
0.203593
0.497420
0.000144
0.054808
0.163578
0.432583
0.556547
0.408508
0.503432
0.440086
0.388242
0.922408
0.733760
0.440987
0.491304
0.583400
0.812471
0.450763
0.983400
0.110578
0.665964
0.294090
0.796360
0.601177
0.627296
0.771775
0.152917
0.152092
0.713219
0.764213
0.624509
0.316360
0.411964
0.505736
0.317011
0.003978
0.403636
0.014243
0.481265
0.186434
0.385108
0.410471
0.595300
0.514319
0.921273
0.611300
0.715098
0.707402
0.994549
0.631441
0.640792
0.326544
0.674491
0.477914
0.195170
0.286822
0.079404
0.371662
0.661361
0.221232
0.551815
0.780694
0.176568
0.554363
0.719696
0.499128
0.628739
0.895401
0.865293
0.756500
0.353038
0.109845
0.773462
0.091733
0.674996
0.179310
0.981356
0.476116
0.097221
0.708790
0.101366
0.919693
0.676528
0.690756
0.639175
0.545420
0.888386
0.885468
0.478803
0.865468
0.025535
0.926868
0.956523
0.744058
0.927665
0.013442
0.195513
0.281184
0.589014
0.793406
0.123134
0.601616
0.940786
0.803617
0.342689
0.283552
0.855235
0.571557
0.781561
0.911289
0.168311
0.239787
0.787585
0.986295
0.267732
0.322232
0.095537
0.181055
0.543366
0.951680
0.835625
0.670065
0.746784
0.727864
0.505833
0.022348
0.056877
0.025506
0.580018
0.889869
0.398398
0.371701
0.173618
0.476227
0.310306
0.252005
0.938858
0.519987
0.410798
0.454610
0.111318
0.277049
0.255884
0.811990
0.379743
0.736398
0.138405
0.949366
0.000977
0.053643
0.124344
0.399399
0.331878
0.936697
0.373324
0.192455
0.700112
0.467980
0.540157
0.781840
0.285684
0.597522
0.804327
0.913367
0.435081
0.291342
0.824269
0.798635
0.579914
0.069471
0.663338
0.701393
0.681930
0.418000
0.484328
0.796369
0.876255
0.309529
0.559418
0.909927
0.734765
0.816382
0.892427
0.501941
0.321442
0.550984
0.500248
0.998255
0.961602
0.417745
0.150333
0.333102
0.396864
0.910856
0.101113
0.310858
0.747732
0.942348
0.142220
0.146510
0.455676
0.934811
0.981388
0.294207
0.126576
0.663122
0.774910
0.423273
0.947408
0.079588
0.348523
0.151058
0.098050
0.106846
0.405601
0.891995
0.330075
0.132922
0.769524
0.932251
0.634418
0.692812
0.457105
0.589327
0.669781
0.570960
0.129942
0.066007
0.373656
0.309006
0.220580
0.358010
0.927838
0.853189
0.780352
0.324725
0.000310
0.825770
0.845767
0.782422
0.935366
0.654853
0.870342
0.229277
0.313854
0.546982
0.518722
0.561628
0.055408
0.036880
0.869995
0.890805
0.984552
0.598723
0.827051
0.319924
0.532538
0.553299
0.278876
0.290020
0.996814
0.255451
0.312646
0.854885
0.529970
0.296163
0.522510
0.993999
0.780060
0.203672
0.211916
0.822913
0.854166
0.877975
0.036375
0.310478
0.027074
0.743113
0.383525
0.862279
0.366949
0.351604
0.537379
0.879654
0.199869
0.925393
0.423624
0.153677
0.085109
0.067710
0.482851
0.703477
0.723040
0.630194
0.968588
0.418266
0.967515
0.469666
0.717018
0.612452
0.864630
0.578934
0.185245
0.353217
0.389721
0.825980
0.304995
0.169930
0.304484
0.285939
0.448617
0.504764
0.306079
0.900213
0.554269
0.013911
0.390111
0.947115
0.207151
0.578745
0.099346
0.558408
0.223679
0.636335
0.080045
0.266120
0.035452
0.188654
0.117794
0.314006
0.919905
0.599884
0.574699
0.218034
0.874519
0.041183
0.899820
0.810269
0.681452
0.192276
0.634730
0.750532
0.459483
0.559274
0.086055
0.240204
0.750131
0.518062
0.586895
0.422557
0.934833
0.942663
0.018973
0.703983
0.530046
0.027924
0.017413
0.980491
0.657158
0.665927
0.030000
0.503865
0.734078
0.485471
0.152820
0.871827
0.185379
0.414030
0.414126
0.376619
0.717870
0.371535
0.928334
0.696340
0.458480
0.455374
0.092009
0.663445
0.001310
0.725972
0.743711
0.594760
0.160748
0.452339
0.959592
0.417396
0.977514
0.426951
0.906604
0.574943
0.274504
0.709338
0.925204
0.448300
0.809317
0.907762
0.763423
0.775544
0.820338
0.858356
0.634176
0.305181
0.513248
0.311101
0.517696
0.667187
0.784842
0.982004
0.880948
0.196183
0.231022
0.080875
0.735926
0.191141
0.235848
0.174058
0.708677
0.845989
0.688520
0.991497
0.540953
0.835485
0.625159
0.537516
0.196348
0.290745
0.842276
0.614681
0.492810
0.648787
0.278786
0.620133
0.933384
0.610482
0.713459
0.223741
0.157085
0.191271
0.074677
0.287480
0.181753
0.599037
0.409360
0.135386
0.360781
0.423492
0.307960
0.033480
0.725580
0.371473
0.332375
0.489018
0.135670
0.532504
0.743670
0.728462
0.408254
0.909006
0.576486
0.463530
0.349161
0.695537
0.856987
0.804707
0.357038
0.541423
0.511254
0.931600
0.022652
0.781165
0.260969
0.879492
0.895182
0.367002
0.553293
0.551491
0.337391
0.987980
0.321787
0.815637
0.141526
0.609939
0.125265
0.296345
0.327841
0.420761
0.961458
0.219556
0.297614
0.915268
0.802353
0.420982
0.262529
0.604149
0.648083
0.376800
0.622302
0.581280
0.646255
0.866196
0.712416
0.933818
0.573576
0.625105
0.093866
0.729448
0.726664
0.100552
0.306750
0.065147
0.018905
0.164940
0.759616
0.411850
0.830252
0.399683
0.176424
0.239390
0.906818
0.307550
0.772998
0.656086
0.357156
0.563087
0.084844
0.547351
0.542086
0.160509
0.118212
0.447704
0.404962
0.068422
0.246278
0.130552
0.539232
0.750761
0.022312
0.650121
0.040189
0.663307
0.831721
0.319910
0.937766
0.585172
0.054825
0.862045
0.757272
0.394614
0.162256
0.711904
0.504921
0.648571
0.914852
0.212394
0.125051
0.075270
0.589908
0.182248
0.225887
0.839304
0.905682
0.092723
0.620749
0.188548
0.066007
0.837067
0.981545
0.842274
0.096902
0.827141
0.651461
0.229868
0.397048
0.901562
0.413698
0.439493
0.174004
0.279738
0.763138
0.486095
0.188046
0.546187
0.977814
0.258124
0.975493
0.399499
0.037068
0.252331
0.473401
0.650320
0.183251
0.956034
0.717501
0.702737
0.673865
0.486216
0.035253
0.503434
0.020997
0.844836
0.905893
0.693003
0.764949
0.899723
0.409345
0.443768
0.578903
0.950436
0.935878
0.218517
0.251535
0.488456
0.578378
0.434501
0.844417
0.511085
0.379116
0.767085
0.071112
0.498445
0.352875
0.577422
0.694817
0.912919
0.958331
0.698523
0.491433
0.830445
0.439537
0.564103
0.074949
0.063010
0.209416
0.414577
0.631995
0.881733
0.197104
0.064572
0.362458
0.199912
0.831048
0.466347
0.173025
0.825402
0.079714
0.053481
0.920526
0.141708
0.721791
0.599208
0.251964
0.327161
0.767761
0.073782
0.838099
0.971557
0.704710
0.735232
0.547454
0.699630
0.986258
0.437897
0.857633
0.160738
0.939479
0.893107
0.550817
0.494137
0.010692
0.366389
0.490316
0.129204
0.021990
0.045566
0.025045
0.530016
0.860387
0.064137
0.318811
0.243621
0.771462
0.914301
0.651279
0.361405
0.179361
0.734005
0.487488
0.252918
0.705052
0.702390
0.862801
0.181537
0.804687
0.528013
0.380157
0.161336
0.199963
0.764215
0.866508
0.164545
0.022350
0.436013
0.485302
0.538972
0.343054
0.212889
0.851905
0.244753
0.510608
0.111857
0.448820
0.269826
0.467948
0.465173
0.387588
0.333475
0.970855
0.637071
0.314248
0.737350
0.379645
0.723899
0.005222
0.973312
0.445972
0.222026
0.950505
0.447493
0.266625
0.397895
0.971035
0.429947
0.326193
0.844610
0.667120
0.089249
0.300466
0.459404
0.244794
0.221445
0.042463
0.826400
0.016972
0.032702
0.922944
0.739004
0.626295
0.085048
0.447295
0.346334
0.786519
0.264575
0.820651
0.158036
0.089343
0.381472
0.883135
0.891883
0.173535
0.761276
0.587097
0.898518
0.303241
0.936703
0.938213
0.647721
0.152347
0.299445
0.072326
0.510575
0.341772
0.321297
0.889909
0.821902
0.026564
0.704001
0.420019
0.957354
0.579680
0.567172
0.835612
0.909523
0.169315
0.533688
0.792109
0.597451
0.776662
0.321911
0.511074
0.893907
0.950982
0.204123
0.780886
0.104828
0.348845
0.440552
0.796276
0.385265
0.854435
0.548344
0.508610
0.326241
0.827775
0.014890
0.908784
0.696873
0.777766
0.814851
0.414617
0.076154
0.506900
0.840273
0.284607
0.858744
0.524526
0.103162
0.729932
0.869171
0.275553
0.319897
0.146561
0.568798
0.481452
0.236852
0.639373
0.589946
0.640438
0.806605
0.760124
0.081533
0.483710
0.074105
0.131168
0.100615
0.934616
0.382181
0.376796
0.034201
0.867625
0.255756
0.534058
0.785713
0.713984
0.074150
0.864961
0.210476
0.710916
0.390843
0.741907
0.034597
0.341265
0.510075
0.028245
0.241627
0.260429
0.679652
0.125816
0.661366
0.757489
0.009350
0.611372
0.245192
0.547376
0.974262
0.133727
0.262287
0.440980
0.112500
0.993531
0.401145
0.190061
0.276593
0.577536
0.510713
0.553837
0.547979
0.569227
0.465572
0.384126
0.673954
0.607699
0.389506
0.275922
0.636462
0.816646
0.221844
0.080273
0.712089
0.375346
0.360960
0.326340
0.132649
0.053513
0.869283
0.349508
0.205725
0.381887
0.474221
0.672429
0.504554
0.880449
0.349340
0.935871
0.486615
0.516120
0.410211
0.426240
0.650308
0.311833
0.609264
0.996669
0.089090
0.778845
0.464049
0.928523
0.052453
0.594163
0.803272
0.030216
0.873104
0.694971
0.464971
0.020210
0.369739
0.711911
0.431225
0.991060
0.584777
0.413122
0.633755
0.501401
0.466423
0.580884
0.414799
0.592724
0.854450
0.492755
0.377641
0.777849
0.879063
0.929084
0.111154
0.797937
0.632224
0.378758
0.022752
0.694942
0.720815
0.865069
0.264108
0.496367
0.061010
0.563571
0.484020
0.559190
0.023234
0.133808
0.892809
0.369859
0.787079
0.436785
0.872603
0.347205
0.515564
0.060046
0.117906
0.945168
0.708101
0.822259
0.040809
0.102193
0.841543
0.179158
0.925223
0.834192
0.158701
0.202727
0.064518
0.517929
0.213693
0.555510
0.866926
0.161708
0.533500
0.631904
0.663103
0.710249
0.505119
0.788321
0.700202
0.180606
0.347663
0.334100
0.556855
0.176030
0.778808
0.705021
0.963423
0.074622
0.734946
0.991328
0.761899
0.939677
0.254424
0.742108
0.489825
0.948575
0.383245
0.717913
0.822621
0.887107
0.712604
0.013509
0.858675
0.006099
0.907639
0.722601
0.981589
0.287229
0.336758
0.066441
0.783946
0.914879
0.660940
0.658168
0.286973
0.500936
0.992361
0.324769
0.440485
0.359384
0.981738
0.658531
0.637467
0.877583
0.943755
0.219864
0.727690
0.781101
0.879951
0.063357
0.764714
0.838975
0.008444
0.008964
0.470677
0.306274
0.159866
0.830170
0.153224
0.150848
0.148887
0.281034
0.558957
0.861130
0.980693
0.633965
0.897797
0.381860
0.501804
0.150124
0.022602
0.474623
0.854605
0.654312
0.498448
0.550065
0.844961
0.136228
0.045921
0.768659
0.082291
0.049970
0.592823
0.956907
0.501479
0.733646
0.918632
0.635839
0.625998
0.120992
0.626127
0.208700
0.681620
0.666840
0.924529
0.104686
0.420081
0.158341
0.458541
0.425613
0.262092
0.833796
0.167661
0.392385
0.119049
0.980990
0.910147
0.638153
0.002842
0.936881
0.336000
0.145014
0.283112
0.160540
0.243349
0.371152
0.201353
0.801205
0.402611
0.865279
0.001225
0.933325
0.582793
0.415251
0.784443
0.380478
0.264328
0.527750
0.951640
0.800021
0.272793
0.785882
0.837557
0.450371
0.317923
0.381592
0.899950
0.812760
0.172249
0.869753
0.571572
0.989375
0.973779
0.940805
0.634635
0.549731
0.887069
0.758835
0.727086
0.247161
0.107063
0.161952
0.340111
0.777299
0.940094
0.771845
0.416218
0.500436
0.446395
0.809397
0.407277
0.799608
0.878518
0.163228
0.401906
0.496308
0.900022
0.008040
0.681558
0.495690
0.318810
0.019645
0.814702
0.583140
0.819489
0.983547
0.148457
0.044081
0.929133
0.343955
0.307070
0.528912
0.200812
0.990092
0.056599
0.334922
0.349274
0.326699
0.645183
0.027082
0.823149
0.425582
0.478278
0.069575
0.048054
0.805089
0.738218
0.889942
0.324970
0.134399
0.307503
0.547726
0.118263
0.909484
0.105156
0.929478
0.217734
0.897631
0.695551
0.142003
0.009069
0.897384
0.779075
0.525732
0.837056
0.110806
0.924003
0.460076
0.195952
0.174906
0.648951
0.882658
0.231380
0.649130
0.715300
0.194273
0.788116
0.505775
0.238951
0.971483
0.988153
0.920215
0.980788
0.658687
0.073415
0.407801
0.925234
0.161569
0.997494
0.104319
0.006261
0.013785
0.000778
0.736873
0.590243
0.538766
0.153368
0.582079
0.075013
0.178517
0.600125
0.458434
0.714508
0.911278
0.992256
0.549744
0.528380
0.429929
0.339791
0.606472
0.905935
0.503017
0.269331
0.821909
0.263790
0.690267
0.421451
0.430001
0.866611
0.334467
0.472122
0.821753
0.670311
0.501590
0.012536
0.727045
0.797094
0.291039
0.271696
0.758768
0.001695
0.687878
0.416162
0.366126
0.238217
0.878935
0.911320
0.994000
0.186924
0.704643
0.178544
0.995244
0.350376
0.668503
0.532640
0.592777
0.078262
0.676035
0.133926
0.938364
0.630336
0.425099
0.439350
0.064946
0.136797
0.119456
0.386995
0.279400
0.065521
0.927447
0.298363
0.292608
0.555489
0.357665
0.232808
0.133699
0.725814
0.473494
0.278487
0.645352
0.819719
0.618390
0.014214
0.107026
0.792855
0.073776
0.126590
0.282990
0.705333
0.821436
0.916773
0.942045
0.026834
0.332271
0.181280
0.645788
0.714191
0.053296
0.701180
0.352311
0.670792
0.014762
0.324068
0.132206
0.947212
0.729259
0.373184
0.043746
0.792414
0.304697
0.868050
0.964127
0.414923
0.443020
0.791015
0.923629
0.063329
0.746546
0.384069
0.239594
0.785505
0.503789
0.210301
0.497076
0.975906
0.876659
0.464392
0.173045
0.570338
0.160899
0.766493
0.451028
0.497551
0.541633
0.423885
0.523046
0.747052
0.515919
0.894785
0.425736
0.162502
0.904160
0.938676
0.207525
0.820070
0.122261
0.687535
0.973740
0.601128
0.136398
0.622335
0.106509
0.318655
0.272288
0.189192
0.706360
0.506726
0.800820
0.539542
0.052355
0.732462
0.971927
0.628711
0.627674
0.039817
0.918581
0.657260
0.007486
0.884576
0.602775
0.589480
0.656010
0.669941
0.725375
0.233407
0.429626
0.742069
0.271711
0.116739
0.332921
0.454959
0.114791
0.143025
0.824533
0.664038
0.848003
0.762503
0.719678
0.757844
0.769180
0.141958
0.486234
0.087158
0.687918
0.567985
0.481249
0.400982
0.978004
0.068018
0.424760
0.648725
0.046835
0.983515
0.157786
0.257969
0.143706
0.979659
0.481380
0.747205
0.178847
0.725965
0.623608
0.282902
0.975062
0.232150
0.631334
0.540281
0.123878
0.573667
0.733686
0.977184
0.368043
0.491246
0.474070
0.380398
0.182286
0.098841
0.157626
0.293817
0.974175
0.684357
0.910976
0.687813
0.076980
0.337510
0.401158
0.979197
0.456397
0.889226
0.010615
0.261137
0.803019
0.396927
0.015113
0.352413
0.432420
0.160096
0.061460
0.025387
0.164732
0.000492
0.991913
0.522047
0.105590
0.291383
0.812129
0.217530
0.000319
0.970181
0.349555
0.040464
0.583241
0.518849
0.899117
0.009531
0.093967
0.646460
0.903092
0.995613
0.882562
0.158273
0.462033
0.568898
0.775453
0.245713
0.223622
0.540325
0.623950
0.181623
0.946332
0.556733
0.207260
0.155160
0.784766
0.859107
0.411872
0.730726
0.093550
0.063274
0.359180
0.165281
0.296659
0.572441
0.903225
0.568444
0.119043
0.980944
0.670428
0.639736
0.227433
0.578579
0.563193
0.467344
0.077211
0.814899
0.399250
0.622789
0.512196
0.332842
0.108611
0.535866
0.414244
0.931073
0.660031
0.884229
0.449524
0.564414
0.638819
0.482003
0.708349
0.241727
0.147906
0.901792
0.785439
0.430643
0.454023
0.814465
0.597485
0.328493
0.550870
0.781082
0.984897
0.108833
0.561157
0.981354
0.894602
0.002923
0.649384
0.112993
0.690773
0.825545
0.867240
0.446338
0.890369
0.304535
0.103489
0.768632
0.370342
0.323393
0.060234
0.702319
0.843413
0.936361
0.927411
0.631741
0.149266
0.765337
0.177409
0.222608
0.658053
0.137993
0.651674
0.268618
0.833078
0.076487
0.861194
0.349596
0.749532
0.996129
0.172707
0.535538
0.116164
0.723392
0.302545
0.120923
0.096751
0.192622
0.289954
0.123676
0.978252
0.930843
0.871797
0.033154
0.482509
0.190023
0.930484
0.041529
0.268392
0.336168
0.437029
0.742949
0.921230
0.854635
0.061098
0.034840
0.476442
0.081028
0.369921
0.705737
0.274203
0.517052
0.287945
0.944013
0.692055
0.340712
0.239111
0.751882
0.052313
0.470210
0.143620
0.999043
0.751157
0.290940
0.191060
0.600361
0.406276
0.904935
0.061786
0.051933
0.569939
0.512154
0.018407
0.309935
0.304375
0.282984
0.039274
0.746617
0.666334
0.831318
0.915828
0.667818
0.897694
0.147601
0.985697
0.626383
0.869008
0.601212
0.923400
0.515850
0.072849
0.371555
0.760557
0.178792
0.213839
0.417233
0.057454
0.014171
0.192228
0.842692
0.897857
0.818104
0.027906
0.271689
0.128940
0.842390
0.021721
0.586981
0.018208
0.805196
0.200970
0.145595
0.249283
0.338258
0.845955
0.329060
0.928439
0.104986
0.644459
0.037973
0.023745
0.573840
0.771031
0.490283
0.408708
0.181355
0.937953
0.432648
0.432280
0.369188
0.214755
0.624267
0.687108
0.729567
0.163169
0.202541
0.397900
0.243511
0.584376
0.289941
0.601781
0.346195
0.925444
0.951471
0.042526
0.303847
0.141814
0.362088
0.450522
0.136536
0.562720
0.793452
0.630356
0.071236
0.056405
0.779397
0.527893
0.259539
0.542028
0.569483
0.198719
0.244391
0.645122
0.730007
0.349830
0.410226
0.043475
0.501853
0.876434
0.400872
0.800323
0.274554
0.565752
0.239610
0.731723
0.285934
0.889674
0.635753
0.604974
0.406719
0.558172
0.712122
0.714977
0.619478
0.255320
0.137799
0.135391
0.551275
0.729807
0.400528
0.691471
0.169413
0.161823
0.703136
0.451469
0.499632
0.478183
0.718355
0.283449
0.976145
0.037566
0.186421
0.774421
0.782886
0.857751
0.089811
0.558649
0.295345
0.306717
0.889518
0.852011
0.482363
0.929489
0.057207
0.739292
0.877258
0.832594
0.887665
0.511285
0.477671
0.798018
0.325878
0.098562
0.683490
0.048522
0.293150
0.398809
0.132240
0.336207
0.746607
0.044590
0.041309
0.776192
0.456481
0.908404
0.416377
0.597285
0.235544
0.391942
0.235443
0.731522
0.105058
0.296378
0.467804
0.914449
0.631632
0.820602
0.537374
0.718015
0.419344
0.984259
0.589711
0.687971
0.491523
0.522455
0.672136
0.507619
0.046540
0.049034
0.686303
0.859815
0.822007
0.035271
0.722614
0.409086
0.051751
0.900880
0.135843
0.075737
0.749928
0.264193
0.471338
0.523831
0.806667
0.148401
0.101200
0.534901
0.129608
0.690718
0.179780
0.689293
0.815723
0.651357
0.277900
0.526986
0.087770
0.769181
0.805153
0.109793
0.479784
0.760906
0.079667
0.656795
0.505958
0.510743
0.654705
0.674894
0.797304
0.747332
0.261474
0.756363
0.440459
0.254871
0.477520
0.965259
0.003010
0.415283
0.980087
0.484573
0.479727
0.628326
0.993809
0.946012
0.144062
0.906502
0.292115
0.614257
0.039302
0.691646
0.861714
0.347598
0.593736
0.690067
0.089554
0.006809
0.594235
0.273128
0.081599
0.734139
0.502588
0.740119
0.472835
0.274296
0.849006
0.490318
0.837849
0.259297
0.187130
0.901101
0.561373
0.129064
0.844950
0.458988
0.778166
0.109632
0.455997
0.440489
0.741608
0.420852
0.005176
0.189629
0.730370
0.635462
0.873628
0.789030
0.352560
0.861396
0.116989
0.671426
0.856690
0.169218
0.961427
0.468474
0.808868
0.436541
0.251815
0.143751
0.245563
0.531312
0.336443
0.206807
0.161342
0.505851
0.622618
0.555141
0.940933
0.223489
0.787539
0.240989
0.095008
0.589717
0.378825
0.209786
0.409046
0.309688
0.289062
0.807186
0.364657
0.843969
0.338748
0.601511
0.442746
0.984405
0.952018
0.818505
0.667887
0.221980
0.659506
0.435264
0.503275
0.828546
0.912742
0.730228
0.955654
0.324283
0.444443
0.836096
0.499565
0.752792
0.159073
0.592548
0.180319
0.935671
0.288056
0.745647
0.005041
0.628457
0.294018
0.290799
0.481192
0.249816
0.758413
0.506133
0.911912
0.605846
0.236935
0.973196
0.807582
0.781372
0.817074
0.631825
0.522972
0.120113
0.862195
0.666067
0.979342
0.965586
0.176516
0.768039
0.080894
0.584626
0.575359
0.076586
0.184916
0.445408
0.595053
0.837618
0.735030
0.771821
0.826851
0.583008
0.916887
0.046100
0.109259
0.374914
0.945705
0.881563
0.563126
0.412405
0.345020
0.437346
0.203888
0.047276
0.326015
0.297006
0.615341
0.005900
0.126817
0.482861
0.919299
0.364033
0.921125
0.027952
0.025535
0.571399
0.655555
0.277497
0.896372
0.572978
0.925063
0.841709
0.310291
0.823828
0.745837
0.871860
0.358939
0.744354
0.835020
0.081455
0.661914
0.912866
0.756641
0.684411
0.033696
0.042334
0.043144
0.172091
0.087100
0.538180
0.151862
0.601083
0.007631
0.184013
0.865840
0.813603
0.483110
0.252160
0.498362
0.762383
0.522947
0.085883
0.010565
0.861926
0.651441
0.950150
0.901516
0.038007
0.709478
0.697827
0.480124
0.897294
0.248997
0.548187
0.878260
0.188948
0.254615
0.024594
0.914469
0.480108
0.676762
0.848234
0.667636
0.717103
0.010728
0.334791
0.369994
0.094291
0.905971
0.590912
0.978840
0.402385
0.540085
0.557364
0.536335
0.778148
0.241782
0.695737
0.176769
0.527332
0.597278
0.865582
0.390661
0.442727
0.024450
0.688852
0.905067
0.789214
0.549142
0.448522
0.289478
0.877674
0.267995
0.318264
0.146674
0.899647
0.732176
0.470054
0.497919
0.444600
0.236378
0.356578
0.721868
0.871697
0.747468
0.215325
0.156548
0.457931
0.957168
0.591229
0.223818
0.994495
0.693116
0.424743
0.685650
0.253276
0.672720
0.002218
0.391629
0.495340
0.334146
0.815461
0.627033
0.943281
0.228841
0.127347
0.920884
0.889315
0.209941
0.790363
0.923321
0.860990
0.400966
0.614953
0.711698
0.016390
0.679155
0.334547
0.634755
0.690703
0.157828
0.964141
0.554261
0.766036
0.902142
0.099309
0.093485
0.286340
0.862629
0.452520
0.251885
0.489334
0.760873
0.673629
0.495372
0.177294
0.411716
0.251436
0.181551
0.098582
0.716360
0.043155
0.929281
0.761796
0.310747
0.728708
0.291958
0.854406
0.603578
0.236685
0.843879
0.187768
0.688367
0.938862
0.539068
0.840368
0.363884
0.160155
0.951934
0.921191
0.247378
0.300865
0.759150
0.125078
0.714943
0.618120
0.572107
0.001955
0.153413
0.463357
0.979334
0.611800
0.758149
0.522741
0.408255
0.987227
0.861106
0.357389
0.165652
0.575566
0.523544
0.290269
0.766222
0.582304
0.877764
0.436658
0.408586
0.887779
0.452242
0.425028
0.208140
0.958975
0.464538
0.105237
0.546116
0.928327
0.816351
0.290899
0.644225
0.761380
0.275099
0.332812
0.224268
0.185194
0.076396
0.070308
0.862073
0.799370
0.931804
0.457417
0.395157
0.541563
0.176236
0.910705
0.493457
0.429366
0.539373
0.175668
0.252537
0.250431
0.775493
0.258554
0.418623
0.622716
0.136058
0.720494
0.604848
0.596715
0.419467
0.380811
0.608089
0.721560
0.082315
0.226379
0.685761
0.246864
0.646564
0.073917
0.401943
0.882184
0.386977
0.282088
0.402225
0.285968
0.033212
0.560273
0.226634
0.205881
0.970925
0.670905
0.020018
0.942363
0.176288
0.572230
0.749275
0.557311
0.868262
0.298371
0.286786
0.999748
0.613036
0.623574
0.469436
0.070361
0.364979
0.307510
0.992597
0.896787
0.678492
0.468505
0.748444
0.341503
0.075136
0.381572
# Mean		Standard Deviation
# 0.496720	0.286642
